1761885899.996531, 0
1761885900.011327, 0
1761885900.026239, 2
1761885900.041298, 0
1761885900.056164, 3
1761885900.070750, 6
1761885900.085739, 3
1761885900.100845, 8
1761885900.115677, 15
1761885900.130632, 18
1761885900.145133, 18
1761885900.160051, 22
1761885900.175088, 25
1761885900.189735, 31
1761885900.204052, 33
1761885900.218577, 38
1761885900.233405, 42
1761885900.247794, 46
1761885900.262191, 53
1761885900.276868, 57
1761885900.291939, 59
1761885900.306668, 66
1761885900.321333, 70
1761885900.336516, 73
1761885900.351040, 77
1761885900.365643, 81
1761885900.380935, 85
1761885900.395438, 89
1761885900.410294, 93
1761885900.425319, 96
1761885900.440183, 99
1761885900.455034, 99
1761885900.469300, 99
1761885900.484006, 99
1761885900.498230, 99
1761885900.512693, 99
1761885900.527009, 99
1761885900.541081, 100
1761885900.555393, 100
1761885900.570511, 100
1761885900.586028, 99
1761885900.600725, 99
1761885900.615323, 99
1761885900.630000, 100
1761885900.644748, 100
1761885900.659842, 100
1761885900.674248, 100
1761885900.688493, 100
1761885900.703270, 100
1761885900.718288, 100
1761885900.732664, 99
1761885900.746967, 100
1761885900.761214, 99
1761885900.776274, 99
1761885900.790963, 100
1761885900.806232, 100
1761885900.820581, 100
1761885900.835505, 99
1761885900.850028, 99
1761885900.864766, 98
1761885900.879493, 97
1761885900.893676, 98
1761885900.908128, 98
1761885900.922664, 99
1761885900.936962, 98
1761885900.951659, 99
1761885900.966015, 97
1761885900.981138, 98
1761885900.995642, 97
1761885901.010036, 97
1761885901.025003, 98
1761885901.040204, 98
1761885901.054749, 98
1761885901.068846, 100
1761885901.083009, 99
1761885901.097651, 100
1761885901.112024, 100
1761885901.126221, 99
1761885901.140700, 100
1761885901.155004, 100
1761885901.169914, 99
1761885901.184467, 99
1761885901.199168, 99
1761885901.213826, 99
1761885901.228306, 98
1761885901.242824, 99
1761885901.257308, 99
1761885901.271261, 99
1761885901.285567, 98
1761885901.300309, 98
1761885901.314416, 99
1761885901.329050, 98
1761885901.343553, 98
1761885901.358515, 99
1761885901.372622, 100
1761885901.387109, 100
1761885901.401369, 99
1761885901.415816, 100
1761885901.430402, 98
1761885901.444928, 99
1761885901.459112, 100
1761885901.473488, 98
1761885901.487916, 99
1761885901.502032, 94
1761885901.516702, 96
1761885901.531319, 97
1761885901.545720, 97
1761885901.560376, 96
1761885901.574929, 94
1761885901.589276, 90
1761885901.603876, 90
1761885901.618999, 91
1761885901.633254, 94
1761885901.647475, 94
1761885901.661877, 95
1761885901.676242, 93
1761885901.691057, 94
1761885901.705145, 91
1761885901.719970, 92
1761885901.734394, 93
1761885901.749141, 95
1761885901.763648, 91
1761885901.778146, 89
1761885901.792557, 87
1761885901.807006, 85
1761885901.821599, 89
1761885901.835904, 89
1761885901.851092, 88
1761885901.865247, 88
1761885901.880111, 87
1761885901.894385, 85
1761885901.908666, 85
1761885901.922948, 85
1761885901.937675, 84
1761885901.951677, 85
1761885901.966010, 86
1761885901.980568, 86
1761885901.995182, 85
1761885902.009760, 83
1761885902.024307, 84
1761885902.039461, 80
1761885902.054364, 77
1761885902.069334, 77
1761885902.084238, 78
1761885902.099162, 76
1761885902.113616, 77
1761885902.128684, 77
1761885902.142969, 76
1761885902.158073, 75
1761885902.172863, 75
1761885902.187508, 73
1761885902.202469, 72
1761885902.216920, 73
1761885902.231934, 73
1761885902.246557, 75
1761885902.261659, 75
1761885902.276317, 75
1761885902.291230, 75
1761885902.305720, 73
1761885902.320326, 73
1761885902.334270, 73
1761885902.348562, 73
1761885902.363128, 73
1761885902.377947, 73
1761885902.392549, 74
1761885902.407185, 74
1761885902.421664, 73
1761885902.437114, 74
1761885902.451344, 74
1761885902.466128, 75
1761885902.481070, 74
1761885902.495314, 74
1761885902.509294, 74
1761885902.524276, 75
1761885902.538618, 75
1761885902.553079, 74
1761885902.567861, 74
1761885902.582420, 74
1761885902.597306, 72
1761885902.611842, 74
1761885902.626069, 74
1761885902.640790, 74
1761885902.655216, 74
1761885902.669592, 74
1761885902.684140, 74
1761885902.698522, 72
1761885902.712700, 72
1761885902.726896, 73
1761885902.741449, 74
1761885902.755560, 74
1761885902.770149, 74
1761885902.785183, 74
1761885902.799389, 74
1761885902.813528, 74
1761885902.828495, 75
1761885902.842810, 75
1761885902.856961, 76
1761885902.871438, 75
1761885902.885854, 76
1761885902.900494, 75
1761885902.914660, 74
1761885902.929006, 74
1761885902.943628, 74
1761885902.958306, 76
1761885902.973255, 74
1761885902.987972, 75
1761885903.002093, 75
1761885903.016335, 75
1761885903.030661, 75
1761885903.045040, 75
1761885903.059271, 75
1761885903.073804, 75
1761885903.088223, 75
1761885903.102404, 74
1761885903.117156, 74
1761885903.131833, 76
1761885903.146427, 74
1761885903.160733, 75
1761885903.175339, 75
1761885903.190059, 76
1761885903.204698, 76
1761885903.218822, 74
1761885903.232944, 76
1761885903.247173, 76
1761885903.261405, 75
1761885903.275584, 75
1761885903.290105, 75
1761885903.304306, 74
1761885903.318874, 74
1761885903.333199, 75
1761885903.347942, 76
1761885903.362293, 75
1761885903.377263, 75
1761885903.391757, 76
1761885903.405850, 76
1761885903.420034, 75
1761885903.434474, 76
1761885903.449164, 77
1761885903.463930, 77
1761885903.478717, 76
1761885903.493332, 76
1761885903.508572, 75
1761885903.522902, 76
1761885903.537162, 76
1761885903.551625, 77
1761885903.565985, 77
1761885903.580687, 76
1761885903.594831, 77
1761885903.609016, 77
1761885903.623442, 76
1761885903.637908, 76
1761885903.652694, 76
1761885903.666978, 77
1761885903.681369, 77
1761885903.695787, 77
1761885903.710186, 76
1761885903.724795, 76
1761885903.739365, 77
1761885903.753946, 78
1761885903.767986, 78
1761885903.782423, 76
1761885903.796887, 76
1761885903.811227, 76
1761885903.825622, 76
1761885903.839988, 77
1761885903.854248, 76
1761885903.868793, 76
1761885903.883312, 76
1761885903.897640, 76
1761885903.912146, 75
1761885903.926743, 76
1761885903.941491, 77
1761885903.956286, 77
1761885903.970742, 77
1761885903.986012, 78
1761885904.000442, 79
1761885904.015146, 78
1761885904.029663, 78
1761885904.044344, 79
1761885904.059208, 78
1761885904.073489, 78
1761885904.088029, 79
1761885904.102655, 78
1761885904.116841, 76
1761885904.131052, 76
1761885904.145827, 78
1761885904.160032, 78
1761885904.174740, 78
1761885904.188882, 78
1761885904.203393, 78
1761885904.217562, 77
1761885904.232209, 77
1761885904.246171, 78
1761885904.260909, 78
1761885904.275336, 78
1761885904.289466, 78
1761885904.304019, 79
1761885904.318471, 78
1761885904.333351, 77
1761885904.347844, 78
1761885904.363056, 78
1761885904.377115, 78
1761885904.391778, 78
1761885904.405944, 78
1761885904.420620, 77
1761885904.435138, 77
1761885904.449582, 79
1761885904.464374, 78
1761885904.478885, 79
1761885904.493713, 78
1761885904.508424, 79
1761885904.523223, 77
1761885904.538016, 79
1761885904.552819, 78
1761885904.567578, 78
1761885904.582155, 78
1761885904.596835, 78
1761885904.611065, 78
1761885904.625270, 78
1761885904.639546, 79
1761885904.654389, 80
1761885904.668658, 80
1761885904.683202, 80
1761885904.697382, 80
1761885904.712111, 80
1761885904.726470, 78
1761885904.740723, 79
1761885904.755318, 79
1761885904.769797, 79
1761885904.784359, 80
1761885904.799618, 81
1761885904.813847, 80
1761885904.829209, 79
1761885904.843914, 79
1761885904.858663, 81
1761885904.873281, 81
1761885904.888085, 81
1761885904.902440, 81
1761885904.917393, 81
1761885904.931561, 80
1761885904.946542, 81
1761885904.960875, 80
1761885904.975750, 81
1761885904.990240, 80
1761885905.004837, 81
1761885905.019517, 80
1761885905.034129, 79
1761885905.048262, 80
1761885905.062758, 79
1761885905.076826, 80
1761885905.091271, 80
1761885905.106066, 79
1761885905.120568, 81
1761885905.134875, 79
1761885905.149992, 81
1761885905.165198, 81
1761885905.179368, 82
1761885905.193983, 82
1761885905.208605, 82
1761885905.223328, 82
1761885905.237823, 81
1761885905.252807, 82
1761885905.266908, 82
1761885905.281449, 82
1761885905.296148, 82
1761885905.310961, 82
1761885905.326128, 82
1761885905.340541, 82
1761885905.355143, 82
1761885905.369642, 81
1761885905.384285, 82
1761885905.398718, 81
1761885905.413520, 83
1761885905.427625, 82
1761885905.442271, 83
1761885905.457568, 83
1761885905.471686, 83
1761885905.485804, 82
1761885905.500453, 82
1761885905.514988, 82
1761885905.529685, 82
1761885905.544079, 81
1761885905.558418, 82
1761885905.573007, 81
1761885905.587481, 83
1761885905.601454, 82
1761885905.615622, 81
1761885905.630160, 81
1761885905.644353, 81
1761885905.658644, 82
1761885905.673359, 81
1761885905.687960, 81
1761885905.702849, 81
1761885905.717203, 81
1761885905.731684, 81
1761885905.746910, 81
1761885905.761603, 82
1761885905.776161, 82
1761885905.790772, 81
1761885905.805214, 81
1761885905.819678, 82
1761885905.833849, 82
1761885905.848158, 82
1761885905.863227, 82
1761885905.877559, 82
1761885905.891709, 82
1761885905.906299, 83
1761885905.921456, 82
1761885905.936243, 83
1761885905.950684, 82
1761885905.965350, 83
1761885905.979840, 83
1761885905.994363, 82
1761885906.008870, 82
1761885906.023356, 81
1761885906.037932, 83
1761885906.052818, 82
1761885906.067037, 82
1761885906.081296, 83
1761885906.095701, 82
1761885906.110341, 83
1761885906.124568, 83
1761885906.139155, 83
1761885906.153989, 82
1761885906.168596, 82
1761885906.182859, 82
1761885906.197898, 82
1761885906.212387, 82
1761885906.227052, 82
1761885906.241836, 81
1761885906.256441, 82
1761885906.271297, 82
1761885906.285451, 82
1761885906.300195, 82
1761885906.315020, 83
1761885906.329753, 84
1761885906.345001, 83
1761885906.359670, 84
1761885906.373814, 84
1761885906.388514, 84
1761885906.403136, 83
1761885906.417493, 84
1761885906.432425, 84
1761885906.446690, 83
1761885906.460845, 83
1761885906.475268, 84
1761885906.489790, 84
1761885906.504242, 84
1761885906.518909, 84
1761885906.534347, 84
1761885906.549420, 85
1761885906.564316, 84
1761885906.578377, 84
1761885906.592448, 84
1761885906.606875, 84
1761885906.621203, 84
1761885906.635505, 84
1761885906.650486, 84
1761885906.665015, 84
1761885906.679668, 84
1761885906.694367, 85
1761885906.709354, 85
1761885906.724382, 84
1761885906.739445, 84
1761885906.753636, 84
1761885906.768081, 85
1761885906.783279, 84
1761885906.798230, 84
1761885906.813085, 84
1761885906.827332, 84
1761885906.842134, 85
1761885906.857901, 85
1761885906.873011, 85
1761885906.887672, 85
1761885906.901958, 85
1761885906.916418, 85
1761885906.930570, 85
1761885906.945790, 85
1761885906.960981, 85
1761885906.975269, 85
1761885906.989291, 84
1761885907.003417, 84
1761885907.018044, 85
1761885907.032590, 85
1761885907.047031, 85
1761885907.061709, 85
1761885907.076066, 86
1761885907.090623, 86
1761885907.105296, 85
1761885907.119623, 86
1761885907.133526, 85
1761885907.148272, 85
1761885907.162746, 86
1761885907.177231, 85
1761885907.191453, 85
1761885907.205916, 86
1761885907.220708, 85
1761885907.235072, 84
1761885907.249481, 85
1761885907.264016, 85
1761885907.278451, 84
1761885907.292894, 86
1761885907.307542, 86
1761885907.321930, 85
1761885907.336344, 86
1761885907.350982, 86
1761885907.365214, 85
1761885907.379796, 85
1761885907.394278, 85
1761885907.408751, 86
1761885907.423949, 86
1761885907.438466, 85
1761885907.453219, 86
1761885907.468183, 85
1761885907.482447, 86
1761885907.496546, 86
1761885907.511054, 86
1761885907.525283, 87
1761885907.539722, 86
1761885907.555104, 86
1761885907.569904, 87
1761885907.584560, 87
1761885907.598962, 86
1761885907.613454, 86
1761885907.628016, 87
1761885907.642183, 87
1761885907.656216, 87
1761885907.671372, 87
1761885907.686355, 86
1761885907.700883, 86
1761885907.715467, 86
1761885907.729708, 86
1761885907.744289, 86
1761885907.758712, 87
1761885907.773697, 87
1761885907.788480, 87
1761885907.802487, 86
1761885907.816747, 86
1761885907.831229, 86
1761885907.845477, 86
1761885907.859776, 87
1761885907.874056, 86
1761885907.888225, 87
1761885907.902629, 87
1761885907.917121, 87
1761885907.931310, 86
1761885907.945360, 86
1761885907.959959, 87
1761885907.974346, 86
1761885907.989411, 86
1761885908.003523, 87
1761885908.018426, 88
1761885908.032799, 87
1761885908.047047, 87
1761885908.061621, 89
1761885908.076210, 88
1761885908.090635, 87
1761885908.104984, 87
1761885908.119690, 87
1761885908.134130, 87
1761885908.148492, 88
1761885908.162494, 89
1761885908.176994, 87
1761885908.191974, 87
1761885908.206299, 87
1761885908.220998, 87
1761885908.235186, 87
1761885908.249964, 87
1761885908.264241, 88
1761885908.278592, 87
1761885908.292993, 87
1761885908.308245, 88
1761885908.322725, 88
1761885908.337180, 87
1761885908.351870, 87
1761885908.366138, 88
1761885908.380640, 87
1761885908.394953, 88
1761885908.410117, 87
1761885908.424496, 88
1761885908.439104, 88
1761885908.453348, 88
1761885908.467737, 89
1761885908.482378, 88
1761885908.497038, 88
1761885908.511437, 88
1761885908.525815, 88
1761885908.541189, 89
1761885908.555341, 89
1761885908.570176, 89
1761885908.584210, 88
1761885908.598300, 88
1761885908.612837, 88
1761885908.626887, 88
1761885908.641561, 88
1761885908.655965, 89
1761885908.670328, 91
1761885908.685136, 89
1761885908.699799, 89
1761885908.714193, 88
1761885908.728944, 88
1761885908.743659, 88
1761885908.758312, 88
1761885908.773472, 88
1761885908.787948, 89
1761885908.802506, 88
1761885908.816992, 89
1761885908.832091, 89
1761885908.847246, 89
1761885908.861904, 90
1761885908.876884, 89
1761885908.891634, 89
1761885908.906418, 89
1761885908.921750, 90
1761885908.936292, 91
1761885908.950749, 91
1761885908.965805, 90
1761885908.980303, 91
1761885908.995266, 90
1761885909.009577, 90
1761885909.024224, 90
1761885909.039065, 90
1761885909.053479, 90
1761885909.068316, 92
1761885909.083773, 90
1761885909.098869, 89
1761885909.113955, 89
1761885909.129031, 89
1761885909.144581, 89
1761885909.159675, 89
1761885909.174263, 90
1761885909.189009, 89
1761885909.204053, 89
1761885909.218471, 89
1761885909.233035, 89
1761885909.248073, 89
1761885909.263111, 90
1761885909.277620, 90
1761885909.292268, 89
1761885909.307125, 90
1761885909.321611, 91
1761885909.335843, 91
1761885909.350471, 90
1761885909.365004, 90
1761885909.379544, 91
1761885909.394250, 91
1761885909.408751, 90
1761885909.422820, 90
1761885909.437201, 90
1761885909.451505, 91
1761885909.465741, 91
1761885909.480759, 92
1761885909.494841, 91
1761885909.509852, 89
1761885909.524317, 89
1761885909.538849, 90
1761885909.553236, 90
1761885909.567462, 90
1761885909.582332, 91
1761885909.597244, 90
1761885909.611761, 90
1761885909.626344, 90
1761885909.640857, 90
1761885909.655394, 90
1761885909.669806, 90
1761885909.684376, 90
1761885909.698944, 90
1761885909.714188, 91
1761885909.729011, 91
1761885909.743576, 91
1761885909.757864, 91
1761885909.772708, 91
1761885909.787323, 92
1761885909.801387, 91
1761885909.816110, 92
1761885909.830300, 91
1761885909.844821, 91
1761885909.859703, 92
1761885909.874751, 93
1761885909.889041, 92
1761885909.903532, 92
1761885909.917996, 91
1761885909.932728, 92
1761885909.947203, 91
1761885909.961419, 91
1761885909.975550, 92
1761885909.989963, 91
1761885910.004548, 91
1761885910.018737, 92
1761885910.033137, 91
1761885910.047445, 91
1761885910.061815, 91
1761885910.076121, 92
1761885910.090420, 91
1761885910.105124, 91
1761885910.119399, 91
1761885910.133537, 91
1761885910.148453, 91
1761885910.162853, 91
1761885910.177513, 92
1761885910.192317, 91
1761885910.206827, 91
1761885910.221530, 91
1761885910.236196, 91
1761885910.250459, 91
1761885910.265321, 91
1761885910.280060, 93
1761885910.294285, 92
1761885910.309981, 92
1761885910.324133, 92
1761885910.338420, 93
1761885910.353031, 92
1761885910.367702, 93
1761885910.382653, 94
1761885910.397097, 92
1761885910.411288, 92
1761885910.425349, 92
1761885910.439577, 92
1761885910.454215, 92
1761885910.468897, 93
1761885910.483235, 93
1761885910.497925, 92
1761885910.513241, 92
1761885910.528274, 92
1761885910.542679, 92
1761885910.557328, 92
1761885910.571411, 92
1761885910.586143, 93
1761885910.601021, 92
1761885910.615763, 92
1761885910.630169, 92
1761885910.644630, 92
1761885910.658949, 92
1761885910.673283, 92
1761885910.688073, 93
1761885910.702746, 92
1761885910.717649, 92
1761885910.732543, 93
1761885910.747133, 92
1761885910.761686, 93
1761885910.776601, 94
1761885910.791305, 95
1761885910.805796, 94
1761885910.820606, 94
1761885910.835338, 94
1761885910.849618, 94
1761885910.864101, 94
1761885910.878533, 93
1761885910.893095, 94
1761885910.907789, 94
1761885910.922157, 95
1761885910.936429, 95
1761885910.951151, 95
1761885910.965355, 95
1761885910.980058, 95
1761885910.994322, 94
1761885911.008908, 94
1761885911.023340, 93
1761885911.038205, 93
1761885911.052797, 93
1761885911.067139, 93
1761885911.081727, 94
1761885911.096646, 95
1761885911.110975, 94
1761885911.125936, 94
1761885911.140183, 94
1761885911.154855, 94
1761885911.169302, 94
1761885911.183686, 95
1761885911.198380, 96
1761885911.212834, 95
1761885911.227003, 94
1761885911.241721, 94
1761885911.256126, 95
1761885911.270653, 94
1761885911.285002, 95
1761885911.299709, 95
1761885911.314268, 94
1761885911.328733, 94
1761885911.342540, 93
1761885911.356935, 95
1761885911.371881, 95
1761885911.385840, 95
1761885911.400476, 96
1761885911.415031, 96
1761885911.429659, 96
1761885911.444220, 95
1761885911.459063, 96
1761885911.473492, 96
1761885911.488506, 97
1761885911.502640, 97
1761885911.517524, 95
1761885911.532230, 96
1761885911.546692, 96
1761885911.561405, 96
1761885911.575726, 95
1761885911.590322, 95
1761885911.604719, 95
1761885911.619143, 94
1761885911.633565, 95
1761885911.647986, 95
1761885911.662681, 95
1761885911.677533, 95
1761885911.691932, 97
1761885911.706973, 96
1761885911.721528, 96
1761885911.735694, 96
1761885911.749974, 96
1761885911.764937, 95
1761885911.779501, 95
1761885911.793707, 97
1761885911.808531, 96
1761885911.822879, 96
1761885911.837575, 96
1761885911.851973, 96
1761885911.866374, 95
1761885911.881014, 96
1761885911.895512, 97
1761885911.910148, 96
1761885911.924487, 94
1761885911.938910, 95
1761885911.953340, 96
1761885911.967740, 95
1761885911.982093, 95
1761885911.996281, 96
1761885912.010784, 97
1761885912.025126, 96
1761885912.039288, 95
1761885912.053783, 96
1761885912.069022, 96
1761885912.083677, 96
1761885912.097779, 96
1761885912.112739, 97
1761885912.126930, 96
1761885912.141432, 96
1761885912.156185, 96
1761885912.170984, 96
1761885912.185698, 96
1761885912.200693, 98
1761885912.215016, 97
1761885912.229415, 97
1761885912.243878, 96
1761885912.258037, 96
1761885912.272749, 97
1761885912.286918, 97
1761885912.301294, 98
1761885912.316031, 98
1761885912.330971, 97
1761885912.345573, 96
1761885912.360338, 96
1761885912.375057, 97
1761885912.389738, 96
1761885912.403998, 97
1761885912.418428, 98
1761885912.433773, 97
1761885912.448035, 96
1761885912.462453, 97
1761885912.477422, 96
1761885912.492132, 97
1761885912.506259, 98
1761885912.521129, 98
1761885912.535733, 97
1761885912.550230, 97
1761885912.564625, 96
1761885912.578774, 97
1761885912.593581, 96
1761885912.607987, 98
1761885912.622181, 96
1761885912.636362, 96
1761885912.650581, 96
1761885912.664982, 97
1761885912.679689, 97
1761885912.694295, 98
1761885912.709270, 98
1761885912.723754, 97
1761885912.738524, 97
1761885912.752900, 97
1761885912.768337, 98
1761885912.782983, 98
1761885912.797737, 99
1761885912.811987, 99
1761885912.826618, 98
1761885912.841283, 97
1761885912.855807, 97
1761885912.870346, 97
1761885912.885517, 97
1761885912.900090, 98
1761885912.914302, 98
1761885912.928735, 98
1761885912.942927, 97
1761885912.957566, 97
1761885912.971769, 97
1761885912.986147, 98
1761885913.000805, 99
1761885913.014981, 100
1761885913.029327, 99
1761885913.043877, 99
1761885913.058106, 99
1761885913.072493, 98
1761885913.087443, 100
1761885913.101863, 100
1761885913.116296, 100
1761885913.130846, 99
1761885913.145193, 98
1761885913.159864, 98
1761885913.175111, 99
1761885913.189622, 99
1761885913.204112, 100
1761885913.218654, 98
1761885913.233419, 97
1761885913.248099, 97
1761885913.262640, 98
1761885913.277168, 98
1761885913.291877, 98
1761885913.306058, 99
1761885913.320428, 98
1761885913.334607, 99
1761885913.348891, 98
1761885913.362927, 98
1761885913.377358, 98
1761885913.391850, 98
1761885913.406362, 99
1761885913.420760, 100
1761885913.435141, 98
1761885913.449580, 98
1761885913.464150, 98
1761885913.478620, 98
1761885913.492930, 98
1761885913.507415, 99
1761885913.521719, 98
1761885913.535959, 97
1761885913.551082, 98
1761885913.565421, 97
1761885913.579568, 97
1761885913.594105, 98
1761885913.608713, 100
1761885913.623138, 99
1761885913.637422, 99
1761885913.651803, 99
1761885913.666677, 99
1761885913.681120, 98
1761885913.695604, 98
1761885913.709818, 99
1761885913.724740, 99
1761885913.739285, 98
1761885913.753800, 98
1761885913.768089, 98
1761885913.782712, 98
1761885913.797358, 98
1761885913.811625, 99
1761885913.826400, 98
1761885913.841519, 97
1761885913.856188, 97
1761885913.870362, 96
1761885913.884901, 96
1761885913.899398, 96
1761885913.913895, 93
1761885913.928693, 87
1761885913.943006, 80
1761885913.957328, 74
1761885913.971833, 67
1761885913.986288, 62
1761885914.000845, 56
1761885914.015628, 51
1761885914.030568, 46
1761885914.045114, 45
1761885914.059776, 47
1761885914.074654, 46
1761885914.089316, 47
1761885914.103908, 48
1761885914.118470, 46
1761885914.132868, 47
1761885914.147959, 47
1761885914.162125, 47
1761885914.176688, 47
1761885914.191148, 47
1761885914.205993, 49
1761885914.221043, 48
1761885914.235529, 47
1761885914.249866, 48
1761885914.264491, 48
1761885914.279083, 48
1761885914.293668, 47
1761885914.308354, 48
1761885914.322850, 47
1761885914.337085, 47
1761885914.351822, 47
1761885914.366113, 47
1761885914.381390, 48
1761885914.395650, 48
1761885914.409780, 48
1761885914.424112, 47
1761885914.438589, 47
1761885914.453056, 47
1761885914.467197, 48
1761885914.481744, 49
1761885914.496170, 48
1761885914.510541, 49
1761885914.525670, 48
1761885914.540006, 49
1761885914.554149, 49
1761885914.569133, 48
1761885914.584055, 48
1761885914.598857, 49
1761885914.613490, 50
1761885914.627713, 48
1761885914.642148, 48
1761885914.656562, 48
1761885914.671400, 49
1761885914.686258, 48
1761885914.700951, 49
1761885914.716829, 49
1761885914.731535, 49
1761885914.745791, 49
1761885914.760074, 49
1761885914.774761, 50
1761885914.790200, 50
1761885914.804430, 50
1761885914.818864, 51
1761885914.833646, 49
1761885914.847971, 50
1761885914.862411, 49
1761885914.876912, 50
1761885914.891159, 49
1761885914.905519, 49
1761885914.919880, 51
1761885914.934349, 50
1761885914.948770, 49
1761885914.962807, 49
1761885914.977144, 49
1761885914.991793, 49
1761885915.006363, 49
1761885915.021020, 52
1761885915.035657, 51
1761885915.049853, 50
1761885915.064306, 50
1761885915.078726, 50
1761885915.093322, 50
1761885915.107593, 50
1761885915.122460, 51
1761885915.136771, 50
1761885915.151340, 50
1761885915.165627, 51
1761885915.179817, 50
1761885915.194422, 50
1761885915.209284, 51
1761885915.223857, 51
1761885915.238317, 51
1761885915.253628, 50
1761885915.268179, 50
1761885915.282611, 50
1761885915.297182, 51
1761885915.311533, 52
1761885915.326186, 52
1761885915.341089, 51
1761885915.355740, 51
1761885915.370149, 52
1761885915.384522, 52
1761885915.399155, 51
1761885915.413836, 51
1761885915.428746, 53
1761885915.443477, 52
1761885915.458245, 52
1761885915.472817, 52
1761885915.486965, 52
1761885915.501315, 52
1761885915.516365, 53
1761885915.530920, 53
1761885915.545211, 51
1761885915.560416, 52
1761885915.574948, 52
1761885915.589520, 52
1761885915.604435, 52
1761885915.618751, 53
1761885915.633644, 53
1761885915.649509, 53
1761885915.664795, 52
1761885915.678993, 52
1761885915.694040, 52
1761885915.708741, 52
1761885915.724031, 53
1761885915.738278, 54
1761885915.752825, 52
1761885915.767505, 53
1761885915.781622, 52
1761885915.796543, 53
1761885915.812069, 52
1761885915.826200, 54
1761885915.840296, 54
1761885915.854855, 53
1761885915.869621, 53
1761885915.883977, 53
1761885915.898206, 54
1761885915.912722, 53
1761885915.927361, 54
1761885915.941664, 55
1761885915.956040, 53
1761885915.970754, 53
1761885915.985127, 53
1761885915.999756, 53
1761885916.014404, 53
1761885916.028795, 54
1761885916.043175, 53
1761885916.057792, 53
1761885916.072227, 53
1761885916.086354, 54
1761885916.100870, 55
1761885916.115329, 55
1761885916.129618, 56
1761885916.144141, 55
1761885916.158462, 55
1761885916.173342, 55
1761885916.187459, 55
1761885916.202057, 55
1761885916.216556, 54
1761885916.230976, 54
1761885916.245263, 55
1761885916.259763, 55
1761885916.273987, 55
1761885916.288619, 54
1761885916.303130, 55
1761885916.317462, 55
1761885916.332077, 55
1761885916.346900, 55
1761885916.361415, 56
1761885916.375811, 56
1761885916.390139, 55
1761885916.405390, 55
1761885916.419938, 57
1761885916.435032, 57
1761885916.449258, 55
1761885916.463907, 55
1761885916.478044, 55
1761885916.492190, 54
1761885916.506381, 54
1761885916.520895, 56
1761885916.535421, 56
1761885916.550137, 56
1761885916.564704, 55
1761885916.579527, 55
1761885916.593567, 55
1761885916.608009, 55
1761885916.622866, 56
1761885916.637618, 56
1761885916.651687, 56
1761885916.666837, 55
1761885916.681650, 56
1761885916.697376, 56
1761885916.711725, 56
1761885916.726470, 57
1761885916.740803, 58
1761885916.755255, 57
1761885916.769250, 57
1761885916.783702, 56
1761885916.798039, 56
1761885916.812625, 56
1761885916.826906, 57
1761885916.841466, 57
1761885916.856382, 57
1761885916.870864, 56
1761885916.885492, 55
1761885916.900213, 56
1761885916.914461, 56
1761885916.928597, 57
1761885916.942733, 58
1761885916.957066, 57
1761885916.971843, 57
1761885916.986013, 56
1761885917.000986, 57
1761885917.015511, 58
1761885917.030564, 58
1761885917.045038, 59
1761885917.059485, 59
1761885917.074155, 58
1761885917.088372, 58
1761885917.102551, 57
1761885917.116607, 57
1761885917.131034, 58
1761885917.145623, 58
1761885917.159901, 58
1761885917.174473, 57
1761885917.188715, 58
1761885917.203275, 57
1761885917.217362, 57
1761885917.232175, 59
1761885917.246492, 58
1761885917.260883, 57
1761885917.275385, 57
1761885917.289612, 58
1761885917.304077, 58
1761885917.318455, 58
1761885917.333077, 59
1761885917.347688, 59
1761885917.362026, 58
1761885917.376616, 58
1761885917.390982, 58
1761885917.405267, 58
1761885917.419893, 58
1761885917.434613, 60
1761885917.449102, 59
1761885917.464102, 60
1761885917.478397, 59
1761885917.492823, 59
1761885917.508239, 58
1761885917.522865, 59
1761885917.538488, 59
1761885917.552870, 59
1761885917.567181, 58
1761885917.581690, 58
1761885917.596303, 58
1761885917.610708, 58
1761885917.625095, 58
1761885917.639822, 59
1761885917.654544, 59
1761885917.669464, 59
1761885917.683918, 59
1761885917.698245, 59
1761885917.713065, 59
1761885917.727530, 59
1761885917.742362, 60
1761885917.757148, 60
1761885917.772387, 60
1761885917.786922, 60
1761885917.801579, 59
1761885917.816242, 58
1761885917.830865, 61
1761885917.845224, 60
1761885917.859645, 60
1761885917.874388, 59
1761885917.889031, 59
1761885917.903744, 59
1761885917.918062, 59
1761885917.932251, 61
1761885917.946866, 61
1761885917.961126, 61
1761885917.975245, 60
1761885917.989691, 61
1761885918.004081, 61
1761885918.018639, 61
1761885918.032981, 61
1761885918.047421, 62
1761885918.062231, 61
1761885918.076626, 60
1761885918.090760, 60
1761885918.105158, 60
1761885918.119593, 60
1761885918.134322, 62
1761885918.148647, 61
1761885918.163191, 61
1761885918.177816, 60
1761885918.192367, 60
1761885918.206669, 61
1761885918.221596, 61
1761885918.236070, 62
1761885918.250652, 63
1761885918.264786, 63
1761885918.279270, 61
1761885918.293767, 61
1761885918.308088, 61
1761885918.322459, 62
1761885918.337058, 63
1761885918.351376, 62
1761885918.365974, 62
1761885918.381001, 61
1761885918.396524, 62
1761885918.411073, 62
1761885918.425588, 62
1761885918.440349, 62
1761885918.454904, 63
1761885918.469606, 63
1761885918.484170, 62
1761885918.498659, 61
1761885918.513624, 61
1761885918.528060, 62
1761885918.542835, 62
1761885918.557242, 63
1761885918.571542, 62
1761885918.585912, 63
1761885918.600506, 63
1761885918.614983, 62
1761885918.629745, 62
1761885918.644772, 63
1761885918.659300, 63
1761885918.673799, 63
1761885918.688487, 62
1761885918.702851, 62
1761885918.717321, 62
1761885918.731720, 62
1761885918.745997, 63
1761885918.760579, 64
1761885918.775047, 63
1761885918.789533, 63
1761885918.804402, 63
1761885918.818864, 64
1761885918.833335, 63
1761885918.847833, 64
1761885918.862363, 66
1761885918.877710, 66
1761885918.892265, 64
1761885918.906686, 63
1761885918.921133, 63
1761885918.935564, 63
1761885918.950165, 64
1761885918.964463, 65
1761885918.978873, 65
1761885918.993540, 64
1761885919.008916, 62
1761885919.023294, 63
1761885919.038197, 63
1761885919.052876, 65
1761885919.067192, 65
1761885919.082454, 66
1761885919.097249, 65
1761885919.111943, 65
1761885919.126284, 64
1761885919.141131, 65
1761885919.155999, 65
1761885919.171032, 65
1761885919.185660, 66
1761885919.200660, 63
1761885919.215079, 63
1761885919.229781, 64
1761885919.244396, 65
1761885919.258371, 65
1761885919.273029, 65
1761885919.287638, 65
1761885919.301991, 65
1761885919.317101, 64
1761885919.331789, 64
1761885919.345932, 65
1761885919.360357, 65
1761885919.374546, 65
1761885919.389247, 65
1761885919.404199, 64
1761885919.418542, 64
1761885919.433688, 64
1761885919.448319, 66
1761885919.462607, 66
1761885919.477332, 66
1761885919.492042, 66
1761885919.506464, 66
1761885919.521221, 66
1761885919.535409, 65
1761885919.549890, 65
1761885919.564595, 66
1761885919.579312, 67
1761885919.594138, 67
1761885919.608703, 65
1761885919.623239, 64
1761885919.637785, 65
1761885919.653426, 66
1761885919.667750, 66
1761885919.682708, 65
1761885919.697607, 65
1761885919.712138, 65
1761885919.726905, 65
1761885919.741796, 65
1761885919.756345, 66
1761885919.770605, 67
1761885919.784642, 67
1761885919.798717, 66
1761885919.813097, 66
1761885919.827884, 66
1761885919.842196, 66
1761885919.857220, 67
1761885919.872129, 66
1761885919.886920, 66
1761885919.901551, 65
1761885919.915817, 65
1761885919.930645, 65
1761885919.945316, 67
1761885919.959792, 68
1761885919.974483, 67
1761885919.988853, 67
1761885920.003448, 66
1761885920.017929, 66
1761885920.032941, 67
1761885920.047933, 67
1761885920.062333, 67
1761885920.076438, 68
1761885920.090776, 68
1761885920.105572, 67
1761885920.119798, 66
1761885920.134072, 66
1761885920.148948, 69
1761885920.163120, 69
1761885920.177918, 68
1761885920.192439, 69
1761885920.206669, 67
1761885920.221014, 67
1761885920.235351, 67
1761885920.249590, 68
1761885920.263733, 69
1761885920.278151, 68
1761885920.292645, 69
1761885920.307131, 67
1761885920.321397, 67
1761885920.335924, 67
1761885920.350479, 68
1761885920.364903, 68
1761885920.379608, 67
1761885920.393736, 69
1761885920.408260, 68
1761885920.422421, 68
1761885920.438066, 68
1761885920.452591, 68
1761885920.467422, 68
1761885920.482357, 68
1761885920.497137, 68
1761885920.511405, 67
1761885920.525575, 67
1761885920.540376, 67
1761885920.554996, 68
1761885920.569327, 68
1761885920.583601, 68
1761885920.597773, 69
1761885920.612184, 68
1761885920.626152, 67
1761885920.640362, 68
1761885920.654308, 69
1761885920.668930, 70
1761885920.682968, 69
1761885920.698648, 69
1761885920.713080, 68
1761885920.727762, 69
1761885920.742368, 69
1761885920.756963, 69
1761885920.771608, 69
1761885920.786068, 70
1761885920.800994, 70
1761885920.815264, 68
1761885920.830087, 68
1761885920.845066, 68
1761885920.859299, 70
1761885920.874250, 70
1761885920.888882, 71
1761885920.903677, 70
1761885920.918357, 69
1761885920.932506, 69
1761885920.946745, 69
1761885920.961846, 70
1761885920.976617, 70
1761885920.991400, 70
1761885921.006251, 70
1761885921.020659, 69
1761885921.035108, 68
1761885921.049389, 68
1761885921.064525, 69
1761885921.079235, 69
1761885921.094129, 70
1761885921.108817, 70
1761885921.123382, 69
1761885921.138022, 69
1761885921.152566, 69
1761885921.167176, 70
1761885921.181893, 71
1761885921.196311, 71
1761885921.210364, 72
1761885921.225195, 70
1761885921.239539, 70
1761885921.254609, 70
1761885921.268950, 70
1761885921.283224, 72
1761885921.297997, 72
1761885921.312689, 72
1761885921.326930, 71
1761885921.341303, 70
1761885921.355673, 69
1761885921.370275, 70
1761885921.384921, 70
1761885921.399351, 70
1761885921.413733, 70
1761885921.428413, 70
1761885921.442778, 69
1761885921.458180, 71
1761885921.472693, 71
1761885921.487008, 71
1761885921.501136, 71
1761885921.515963, 72
1761885921.530529, 71
1761885921.545256, 71
1761885921.559408, 72
1761885921.574084, 72
1761885921.588691, 72
1761885921.603550, 72
1761885921.617926, 72
1761885921.632462, 71
1761885921.646966, 70
1761885921.661270, 72
1761885921.675787, 72
1761885921.690374, 72
1761885921.705179, 71
1761885921.721125, 71
1761885921.735727, 71
1761885921.750064, 70
1761885921.764616, 72
1761885921.778756, 72
1761885921.793977, 73
1761885921.808357, 73
1761885921.823088, 72
1761885921.838258, 71
1761885921.852877, 71
1761885921.867301, 72
1761885921.882523, 73
1761885921.897149, 72
1761885921.912340, 73
1761885921.927149, 73
1761885921.941597, 73
1761885921.956475, 71
1761885921.970874, 72
1761885921.985476, 72
1761885922.000201, 73
1761885922.014940, 73
1761885922.029302, 73
1761885922.043949, 72
1761885922.058051, 73
1761885922.073181, 74
1761885922.087306, 74
1761885922.101807, 74
1761885922.116544, 74
1761885922.130909, 74
1761885922.145403, 72
1761885922.159948, 73
1761885922.174304, 73
1761885922.188771, 73
1761885922.203183, 73
1761885922.217537, 75
1761885922.232257, 74
1761885922.246777, 72
1761885922.260819, 72
1761885922.275127, 75
1761885922.289355, 74
1761885922.304371, 74
1761885922.318987, 74
1761885922.333621, 73
1761885922.348018, 73
1761885922.362146, 74
1761885922.376652, 75
1761885922.390900, 74
1761885922.406110, 75
1761885922.420405, 75
1761885922.434711, 74
1761885922.448952, 73
1761885922.463586, 74
1761885922.478685, 73
1761885922.493183, 73
1761885922.508284, 73
1761885922.522395, 73
1761885922.537910, 73
1761885922.553317, 73
1761885922.567477, 75
1761885922.582181, 75
1761885922.597020, 76
1761885922.611754, 75
1761885922.626178, 76
1761885922.640825, 74
1761885922.655388, 74
1761885922.669718, 75
1761885922.684783, 75
1761885922.699182, 76
1761885922.713560, 75
1761885922.728030, 75
1761885922.743036, 74
1761885922.758211, 75
1761885922.772623, 75
1761885922.786999, 75
1761885922.801688, 75
1761885922.815849, 75
1761885922.830417, 76
1761885922.845173, 74
1761885922.860166, 75
1761885922.874453, 75
1761885922.889199, 76
1761885922.903838, 76
1761885922.919119, 76
1761885922.933594, 75
1761885922.949440, 74
1761885922.964036, 73
1761885922.978381, 76
1761885922.992958, 76
1761885923.007655, 76
1761885923.022305, 75
1761885923.036833, 75
1761885923.051571, 75
1761885923.066089, 75
1761885923.080593, 75
1761885923.094733, 76
1761885923.109531, 75
1761885923.124000, 76
1761885923.138514, 76
1761885923.153300, 74
1761885923.167660, 76
1761885923.181799, 76
1761885923.196393, 75
1761885923.210849, 75
1761885923.225466, 75
1761885923.240225, 76
1761885923.254925, 75
1761885923.269662, 77
1761885923.283891, 76
1761885923.298357, 77
1761885923.312673, 76
1761885923.326903, 77
1761885923.341343, 76
1761885923.357025, 76
1761885923.371396, 77
1761885923.385719, 77
1761885923.400223, 78
1761885923.414970, 78
1761885923.429164, 76
1761885923.444284, 76
1761885923.458764, 76
1761885923.473371, 77
1761885923.488190, 77
1761885923.502659, 78
1761885923.517105, 77
1761885923.531500, 78
1761885923.546508, 77
1761885923.560782, 76
1761885923.575427, 78
1761885923.590773, 77
1761885923.605414, 77
1761885923.620126, 77
1761885923.634677, 77
1761885923.649326, 77
1761885923.663696, 75
1761885923.678483, 76
1761885923.692710, 77
1761885923.707381, 77
1761885923.721889, 75
1761885923.736000, 77
1761885923.750195, 78
1761885923.765034, 76
1761885923.780159, 78
1761885923.794944, 78
1761885923.809309, 78
1761885923.823871, 78
1761885923.838629, 79
1761885923.853424, 79
1761885923.867569, 77
1761885923.882759, 78
1761885923.897567, 78
1761885923.912649, 78
1761885923.926750, 78
1761885923.941164, 78
1761885923.955600, 78
1761885923.970268, 77
1761885923.984717, 78
1761885923.999078, 78
1761885924.013500, 78
1761885924.028276, 78
1761885924.042268, 78
1761885924.056676, 79
1761885924.071078, 78
1761885924.085238, 79
1761885924.099684, 79
1761885924.114360, 78
1761885924.128904, 78
1761885924.143197, 77
1761885924.157578, 77
1761885924.171852, 77
1761885924.186212, 78
1761885924.200833, 79
1761885924.215090, 79
1761885924.229912, 78
1761885924.244669, 78
1761885924.258979, 79
1761885924.273361, 77
1761885924.288121, 78
1761885924.303725, 78
1761885924.318177, 78
1761885924.332410, 78
1761885924.347166, 78
1761885924.361480, 78
1761885924.375851, 77
1761885924.390486, 78
1761885924.405468, 78
1761885924.420086, 78
1761885924.434344, 79
1761885924.448953, 80
1761885924.464584, 79
1761885924.479275, 80
1761885924.493755, 80
1761885924.508493, 80
1761885924.523026, 80
1761885924.538160, 79
1761885924.552418, 79
1761885924.566655, 78
1761885924.581664, 79
1761885924.596248, 80
1761885924.610599, 81
1761885924.625445, 80
1761885924.639744, 79
1761885924.654432, 81
1761885924.668795, 79
1761885924.683414, 80
1761885924.697587, 80
1761885924.712331, 81
1761885924.727355, 81
1761885924.742260, 81
1761885924.756753, 81
1761885924.771091, 80
1761885924.785304, 79
1761885924.799784, 80
1761885924.814738, 80
1761885924.829073, 81
1761885924.843405, 80
1761885924.857859, 79
1761885924.872469, 79
1761885924.886834, 79
1761885924.901397, 79
1761885924.916368, 80
1761885924.931409, 81
1761885924.945552, 80
1761885924.959731, 80
1761885924.974195, 80
1761885924.988807, 81
1761885925.003357, 81
1761885925.018139, 81
1761885925.032538, 81
1761885925.047490, 82
1761885925.061918, 82
1761885925.076313, 81
1761885925.091535, 82
1761885925.106138, 81
1761885925.121194, 81
1761885925.136103, 82
1761885925.150639, 81
1761885925.164812, 80
1761885925.179445, 79
1761885925.193621, 81
1761885925.208033, 82
1761885925.222115, 82
1761885925.236483, 81
1761885925.250680, 81
1761885925.265448, 82
1761885925.280218, 80
1761885925.294972, 82
1761885925.309522, 82
1761885925.323848, 82
1761885925.338325, 81
1761885925.353189, 80
1761885925.367489, 80
1761885925.382283, 80
1761885925.397060, 81
1761885925.412011, 82
1761885925.426239, 81
1761885925.440449, 81
1761885925.455164, 81
1761885925.469390, 81
1761885925.484477, 81
1761885925.499549, 81
1761885925.514060, 82
1761885925.529035, 82
1761885925.543387, 82
1761885925.557947, 81
1761885925.572981, 81
1761885925.587402, 82
1761885925.601756, 81
1761885925.616699, 81
1761885925.631426, 82
1761885925.645855, 82
1761885925.660212, 83
1761885925.674451, 82
1761885925.688866, 83
1761885925.703565, 83
1761885925.718193, 83
1761885925.732620, 83
1761885925.747025, 83
1761885925.761549, 83
1761885925.777096, 82
1761885925.791701, 82
1761885925.806015, 82
1761885925.820592, 82
1761885925.835026, 81
1761885925.849699, 82
1761885925.864172, 83
1761885925.878925, 83
1761885925.893560, 81
1761885925.908777, 83
1761885925.923841, 82
1761885925.938504, 82
1761885925.952796, 82
1761885925.967641, 82
1761885925.983099, 82
1761885925.998013, 83
1761885926.012415, 83
1761885926.026628, 83
1761885926.041601, 82
1761885926.056494, 83
1761885926.071394, 82
1761885926.086391, 81
1761885926.101543, 82
1761885926.115748, 83
1761885926.130156, 83
1761885926.144465, 83
1761885926.159092, 83
1761885926.173914, 83
1761885926.188123, 82
1761885926.202524, 83
1761885926.217015, 83
1761885926.231368, 83
1761885926.245933, 83
1761885926.261066, 83
1761885926.275370, 84
1761885926.289780, 83
1761885926.304520, 84
1761885926.318998, 84
1761885926.333568, 85
1761885926.347965, 84
1761885926.362409, 85
1761885926.376777, 84
1761885926.391234, 84
1761885926.405803, 85
1761885926.420850, 85
1761885926.435257, 85
1761885926.449913, 84
1761885926.465416, 84
1761885926.480307, 84
1761885926.494781, 84
1761885926.510228, 85
1761885926.524601, 85
1761885926.538921, 84
1761885926.553604, 83
1761885926.568917, 83
1761885926.583797, 84
1761885926.598184, 83
1761885926.612943, 84
1761885926.627288, 85
1761885926.641980, 85
1761885926.656773, 85
1761885926.671514, 85
1761885926.686277, 85
1761885926.700840, 85
1761885926.715453, 85
1761885926.730063, 85
1761885926.745037, 86
1761885926.760089, 86
1761885926.774846, 86
1761885926.789091, 86
1761885926.804213, 85
1761885926.819028, 85
1761885926.833513, 85
1761885926.847928, 85
1761885926.862360, 85
1761885926.876852, 86
1761885926.891275, 86
1761885926.906146, 85
1761885926.920318, 86
1761885926.934801, 86
1761885926.949032, 85
1761885926.963426, 85
1761885926.978113, 86
1761885926.993849, 85
1761885927.009419, 86
1761885927.023870, 85
1761885927.038149, 84
1761885927.052805, 85
1761885927.067105, 85
1761885927.081779, 86
1761885927.096399, 84
1761885927.110659, 86
1761885927.125819, 86
1761885927.140290, 86
1761885927.155006, 85
1761885927.169608, 85
1761885927.183986, 85
1761885927.198519, 85
1761885927.213146, 86
1761885927.227392, 86
1761885927.242285, 85
1761885927.256599, 85
1761885927.270837, 84
1761885927.285482, 86
1761885927.299705, 87
1761885927.314691, 87
1761885927.329071, 87
1761885927.343537, 87
1761885927.357908, 87
1761885927.372648, 86
1761885927.387816, 87
1761885927.402308, 86
1761885927.416737, 86
1761885927.431098, 88
1761885927.445277, 88
1761885927.459516, 88
1761885927.474517, 87
1761885927.489315, 87
1761885927.503694, 87
1761885927.518186, 87
1761885927.532674, 87
1761885927.547009, 87
1761885927.561484, 88
1761885927.575606, 87
1761885927.589924, 87
1761885927.604449, 89
1761885927.619057, 87
1761885927.633633, 87
1761885927.647598, 87
1761885927.661907, 86
1761885927.676610, 87
1761885927.690902, 86
1761885927.705849, 87
1761885927.721128, 86
1761885927.735250, 86
1761885927.749982, 86
1761885927.764302, 87
1761885927.778882, 87
1761885927.793615, 86
1761885927.807903, 88
1761885927.822392, 87
1761885927.836981, 88
1761885927.851609, 87
1761885927.866113, 88
1761885927.880558, 88
1761885927.894832, 88
1761885927.908990, 87
1761885927.923430, 87
1761885927.937686, 88
1761885927.952838, 87
1761885927.967100, 88
1761885927.981802, 88
1761885927.996262, 88
1761885928.010702, 86
1761885928.025226, 87
1761885928.039669, 87
1761885928.054892, 87
1761885928.069841, 87
1761885928.083953, 88
1761885928.098088, 87
1761885928.112351, 88
1761885928.126803, 88
1761885928.141189, 87
1761885928.155687, 88
1761885928.170137, 88
1761885928.184780, 88
1761885928.199447, 88
1761885928.214449, 88
1761885928.229168, 87
1761885928.243600, 87
1761885928.258285, 88
1761885928.272827, 89
1761885928.287180, 88
1761885928.302349, 88
1761885928.316624, 88
1761885928.331454, 88
1761885928.346363, 88
1761885928.360812, 88
1761885928.375278, 88
1761885928.389825, 88
1761885928.403943, 88
1761885928.418521, 88
1761885928.432604, 88
1761885928.447220, 89
1761885928.462168, 89
1761885928.476785, 89
1761885928.491326, 89
1761885928.505708, 90
1761885928.520297, 90
1761885928.534759, 89
1761885928.548790, 89
1761885928.563459, 89
1761885928.577819, 89
1761885928.592449, 89
1761885928.606933, 89
1761885928.621365, 89
1761885928.635745, 89
1761885928.650931, 90
1761885928.665907, 89
1761885928.680186, 89
1761885928.694906, 89
1761885928.709426, 90
1761885928.724500, 89
1761885928.739066, 90
1761885928.753686, 90
1761885928.768366, 89
1761885928.782949, 90
1761885928.797219, 91
1761885928.811787, 92
1761885928.826409, 91
1761885928.840897, 91
1761885928.855330, 90
1761885928.869667, 91
1761885928.884719, 90
1761885928.899181, 91
1761885928.913517, 92
1761885928.928445, 90
1761885928.943115, 90
1761885928.957813, 90
1761885928.971989, 89
1761885928.986500, 89
1761885929.000577, 89
1761885929.015528, 90
1761885929.029822, 89
1761885929.044294, 89
1761885929.059049, 89
1761885929.073743, 89
1761885929.088451, 89
1761885929.102760, 89
1761885929.117744, 91
1761885929.132058, 90
1761885929.146183, 89
1761885929.160912, 90
1761885929.176062, 91
1761885929.190186, 91
1761885929.205007, 91
1761885929.219546, 92
1761885929.234050, 91
1761885929.249137, 90
1761885929.263796, 91
1761885929.278433, 90
1761885929.293210, 90
1761885929.308129, 90
1761885929.322572, 91
1761885929.337219, 90
1761885929.351809, 90
1761885929.366426, 90
1761885929.381359, 90
1761885929.396193, 90
1761885929.411216, 90
1761885929.425560, 91
1761885929.440152, 90
1761885929.454426, 90
1761885929.469283, 90
1761885929.483690, 90
1761885929.498239, 90
1761885929.512966, 90
1761885929.527667, 92
1761885929.542589, 90
1761885929.557504, 91
1761885929.572509, 91
1761885929.587285, 91
1761885929.601863, 91
1761885929.616583, 91
1761885929.631165, 90
1761885929.645605, 91
1761885929.659834, 91
1761885929.673863, 92
1761885929.688885, 92
1761885929.703089, 92
1761885929.717533, 93
1761885929.732300, 92
1761885929.747132, 92
1761885929.762001, 92
1761885929.776418, 92
1761885929.791177, 92
1761885929.805519, 93
1761885929.819825, 94
1761885929.834594, 92
1761885929.848919, 93
1761885929.863524, 92
1761885929.877780, 91
1761885929.892089, 91
1761885929.906514, 91
1761885929.920830, 92
1761885929.935379, 91
1761885929.950014, 91
1761885929.964612, 92
1761885929.979494, 92
1761885929.993894, 92
1761885930.008472, 92
1761885930.022924, 94
1761885930.037346, 92
1761885930.052079, 93
1761885930.066434, 93
1761885930.080913, 93
1761885930.095436, 93
1761885930.110287, 93
1761885930.124969, 95
1761885930.139764, 94
1761885930.153887, 93
1761885930.168509, 93
1761885930.183044, 92
1761885930.197889, 92
1761885930.212342, 92
1761885930.226700, 93
1761885930.240780, 93
1761885930.255218, 94
1761885930.269657, 93
1761885930.284134, 93
1761885930.298717, 93
1761885930.313140, 93
1761885930.327655, 94
1761885930.341727, 92
1761885930.356263, 93
1761885930.371296, 93
1761885930.385667, 92
1761885930.400067, 94
1761885930.414455, 93
1761885930.428978, 95
1761885930.443372, 93
1761885930.457788, 93
1761885930.472250, 93
1761885930.486633, 94
1761885930.500906, 93
1761885930.515586, 94
1761885930.530334, 95
1761885930.545259, 92
1761885930.559963, 94
1761885930.574502, 93
1761885930.589496, 93
1761885930.604223, 93
1761885930.618503, 93
1761885930.633271, 94
1761885930.647966, 93
1761885930.662387, 92
1761885930.676906, 94
1761885930.691365, 94
1761885930.706208, 94
1761885930.720458, 94
1761885930.734772, 96
1761885930.748932, 95
1761885930.763696, 95
1761885930.778179, 94
1761885930.792753, 94
1761885930.806838, 94
1761885930.821162, 94
1761885930.835808, 95
1761885930.850507, 94
1761885930.865221, 95
1761885930.879977, 94
1761885930.894545, 93
1761885930.909333, 93
1761885930.924139, 93
1761885930.938358, 94
1761885930.952929, 93
1761885930.967182, 93
1761885930.981691, 93
1761885930.995929, 94
1761885931.010777, 94
1761885931.025064, 94
1761885931.040018, 96
1761885931.054760, 94
1761885931.069674, 94
1761885931.084719, 94
1761885931.099192, 94
1761885931.114111, 95
1761885931.128086, 95
1761885931.142867, 94
1761885931.157711, 94
1761885931.172203, 95
1761885931.186263, 95
1761885931.200375, 94
1761885931.214669, 95
1761885931.229118, 94
1761885931.243749, 95
1761885931.258530, 94
1761885931.272875, 94
1761885931.287100, 94
1761885931.301550, 95
1761885931.316077, 94
1761885931.330390, 95
1761885931.345084, 96
1761885931.359632, 94
1761885931.374672, 94
1761885931.389073, 94
1761885931.403775, 94
1761885931.418873, 94
1761885931.434039, 95
1761885931.448893, 95
1761885931.463082, 94
1761885931.477422, 94
1761885931.491919, 95
1761885931.506446, 95
1761885931.521162, 95
1761885931.536461, 96
1761885931.551035, 97
1761885931.565285, 96
1761885931.579958, 95
1761885931.594318, 95
1761885931.608721, 95
1761885931.623012, 96
1761885931.637695, 96
1761885931.651924, 96
1761885931.666506, 95
1761885931.681069, 96
1761885931.696066, 96
1761885931.710832, 95
1761885931.725708, 94
1761885931.740050, 96
1761885931.754473, 96
1761885931.769717, 95
1761885931.784269, 96
1761885931.798993, 95
1761885931.813662, 96
1761885931.828801, 96
1761885931.843168, 97
1761885931.857690, 97
1761885931.872379, 95
1761885931.887201, 95
1761885931.901949, 95
1761885931.916638, 96
1761885931.930960, 95
1761885931.945425, 97
1761885931.959816, 97
1761885931.974299, 96
1761885931.988989, 97
1761885932.002910, 97
1761885932.017555, 96
1761885932.032113, 96
1761885932.047401, 97
1761885932.062335, 96
1761885932.076472, 96
1761885932.091562, 96
1761885932.106179, 96
1761885932.120557, 96
1761885932.134783, 96
1761885932.148814, 98
1761885932.162757, 97
1761885932.177006, 96
1761885932.191412, 96
1761885932.205840, 95
1761885932.220072, 97
1761885932.234461, 97
1761885932.249389, 98
1761885932.264101, 96
1761885932.279428, 96
1761885932.293995, 96
1761885932.308447, 96
1761885932.322602, 96
1761885932.337180, 97
1761885932.351581, 98
1761885932.366202, 96
1761885932.380918, 97
1761885932.395476, 96
1761885932.410233, 96
1761885932.425414, 96
1761885932.439942, 97
1761885932.454348, 97
1761885932.468585, 97
1761885932.484385, 98
1761885932.498350, 98
1761885932.513009, 97
1761885932.528179, 98
1761885932.542754, 98
1761885932.557485, 98
1761885932.571907, 98
1761885932.586604, 97
1761885932.600922, 97
1761885932.615295, 98
1761885932.629694, 98
1761885932.644187, 98
1761885932.658193, 98
1761885932.672900, 98
1761885932.688134, 97
1761885932.702904, 97
1761885932.717344, 98
1761885932.731754, 97
1761885932.746524, 98
1761885932.761160, 98
1761885932.775698, 97
1761885932.790380, 97
1761885932.804780, 98
1761885932.819307, 98
1761885932.833732, 98
1761885932.848624, 98
1761885932.862821, 98
1761885932.877743, 97
1761885932.892375, 97
1761885932.907018, 98
1761885932.921699, 98
1761885932.935877, 98
1761885932.950781, 100
1761885932.965026, 99
1761885932.979685, 98
1761885932.994229, 98
1761885933.008280, 98
1761885933.023046, 98
1761885933.037358, 98
1761885933.051608, 99
1761885933.066040, 99
1761885933.080530, 98
1761885933.094964, 98
1761885933.109272, 98
1761885933.124178, 98
1761885933.138585, 98
1761885933.153109, 99
1761885933.167231, 99
1761885933.181990, 99
1761885933.196254, 98
1761885933.210722, 98
1761885933.224965, 98
1761885933.239212, 98
1761885933.253787, 99
1761885933.267909, 100
1761885933.282214, 99
1761885933.296380, 99
1761885933.310746, 98
1761885933.325084, 99
1761885933.340238, 99
1761885933.354391, 99
1761885933.369004, 100
1761885933.383854, 98
1761885933.398098, 98
1761885933.412620, 99
1761885933.427095, 98
1761885933.442376, 99
1761885933.456917, 99
1761885933.471076, 100
1761885933.485654, 99
1761885933.500126, 99
1761885933.514034, 98
1761885933.528207, 98
1761885933.543258, 99
1761885933.558125, 100
1761885933.572514, 100
1761885933.586704, 98
1761885933.601055, 98
1761885933.615681, 98
1761885933.630109, 99
1761885933.645239, 98
1761885933.659867, 99
1761885933.675211, 99
1761885933.690095, 98
1761885933.704388, 100
1761885933.718723, 99
1761885933.733095, 99
1761885933.748157, 100
1761885933.762182, 99
1761885933.776171, 99
1761885933.790514, 98
1761885933.805326, 98
1761885933.820068, 98
1761885933.834512, 98
1761885933.848767, 99
1761885933.863382, 99
1761885933.878340, 99
1761885933.893052, 99
1761885933.908247, 99
1761885933.922930, 99
1761885933.937311, 100
1761885933.952639, 99
1761885933.967101, 99
1761885933.981423, 99
1761885933.996089, 98
1761885934.011305, 98
1761885934.025773, 97
1761885934.040353, 97
1761885934.055072, 98
1761885934.069606, 99
1761885934.084265, 97
1761885934.098794, 98
1761885934.112950, 97
1761885934.127417, 98
1761885934.142521, 98
1761885934.156962, 98
1761885934.171049, 98
1761885934.185874, 98
1761885934.200348, 98
1761885934.214938, 98
1761885934.229412, 98
1761885934.243621, 94
1761885934.258720, 89
1761885934.273580, 86
1761885934.287823, 83
1761885934.302956, 78
1761885934.317327, 72
1761885934.331960, 69
1761885934.346530, 63
1761885934.361053, 61
1761885934.375645, 59
1761885934.389732, 55
1761885934.404100, 54
1761885934.418650, 51
1761885934.433573, 51
1761885934.448219, 49
1761885934.462837, 47
1761885934.477009, 47
1761885934.491672, 47
1761885934.506138, 47
1761885934.520327, 47
1761885934.534812, 47
1761885934.549226, 47
1761885934.563777, 48
1761885934.578254, 48
1761885934.593300, 47
1761885934.607791, 48
1761885934.622384, 48
1761885934.636656, 47
1761885934.651127, 48
1761885934.665751, 46
1761885934.680379, 47
1761885934.694609, 48
1761885934.708880, 48
1761885934.723190, 48
1761885934.737631, 48
1761885934.751950, 47
1761885934.767056, 47
1761885934.781972, 47
1761885934.796117, 48
1761885934.810441, 48
1761885934.825048, 49
1761885934.839349, 49
1761885934.854386, 50
1761885934.869009, 49
1761885934.883634, 48
1761885934.898168, 49
1761885934.913081, 49
1761885934.927574, 49
1761885934.942247, 49
1761885934.956583, 50
1761885934.970826, 48
1761885934.985074, 48
1761885934.999041, 49
1761885935.013924, 48
1761885935.028582, 50
1761885935.042964, 50
1761885935.057514, 51
1761885935.071718, 50
1761885935.086865, 50
1761885935.101423, 50
1761885935.115656, 50
1761885935.130694, 50
1761885935.145354, 49
1761885935.159821, 50
1761885935.174128, 49
1761885935.188892, 49
1761885935.203115, 49
1761885935.217781, 49
1761885935.232983, 50
1761885935.247365, 50
1761885935.261931, 50
1761885935.276463, 50
1761885935.290990, 50
1761885935.305409, 50
1761885935.319888, 50
1761885935.334509, 50
1761885935.349157, 50
1761885935.363584, 51
1761885935.378452, 50
1761885935.393623, 51
1761885935.408409, 50
1761885935.423451, 50
1761885935.438004, 50
1761885935.452534, 51
1761885935.467653, 51
1761885935.482524, 50
1761885935.497039, 50
1761885935.511571, 50
1761885935.525877, 51
1761885935.540519, 51
1761885935.554965, 51
1761885935.569463, 52
1761885935.584183, 52
1761885935.598869, 51
1761885935.613333, 51
1761885935.627888, 51
1761885935.642156, 51
1761885935.656725, 50
1761885935.671243, 52
1761885935.685633, 51
1761885935.699828, 52
1761885935.714283, 51
1761885935.728828, 51
1761885935.743598, 52
1761885935.758057, 51
1761885935.772652, 53
1761885935.787840, 51
1761885935.802572, 51
1761885935.816904, 51
1761885935.831627, 50
1761885935.846504, 51
1761885935.861071, 52
1761885935.875673, 52
1761885935.890509, 51
1761885935.904709, 52
1761885935.919035, 53
1761885935.933172, 53
1761885935.947547, 54
1761885935.961955, 55
1761885935.976286, 54
1761885935.990593, 53
1761885936.004846, 53
1761885936.018975, 53
1761885936.033275, 53
1761885936.047794, 53
1761885936.061992, 53
1761885936.076087, 53
1761885936.090521, 53
1761885936.104959, 52
1761885936.119876, 54
1761885936.134125, 53
1761885936.148863, 54
1761885936.163368, 54
1761885936.178257, 54
1761885936.192394, 53
1761885936.206584, 53
1761885936.221317, 53
1761885936.236196, 54
1761885936.251112, 53
1761885936.265613, 54
1761885936.280005, 54
1761885936.294396, 53
1761885936.308859, 53
1761885936.323399, 53
1761885936.338909, 54
1761885936.353653, 53
1761885936.368036, 55
1761885936.382378, 55
1761885936.397161, 55
1761885936.412101, 54
1761885936.426863, 53
1761885936.441243, 55
1761885936.455956, 54
1761885936.470516, 56
1761885936.485085, 56
1761885936.499771, 54
1761885936.514380, 54
1761885936.529250, 54
1761885936.543935, 55
1761885936.558393, 55
1761885936.572770, 56
1761885936.587531, 55
1761885936.602126, 55
1761885936.616526, 54
1761885936.631079, 55
1761885936.645691, 55
1761885936.659963, 55
1761885936.674529, 55
1761885936.689558, 56
1761885936.703548, 55
1761885936.717968, 55
1761885936.733355, 55
1761885936.748055, 54
1761885936.762285, 55
1761885936.776831, 56
1761885936.791762, 56
1761885936.806271, 56
1761885936.820338, 56
1761885936.834462, 57
1761885936.849177, 56
1761885936.863624, 56
1761885936.878230, 58
1761885936.892787, 57
1761885936.907246, 55
1761885936.921860, 55
1761885936.936303, 55
1761885936.950946, 55
1761885936.965541, 56
1761885936.980007, 58
1761885936.994242, 57
1761885937.008412, 56
1761885937.022930, 56
1761885937.037461, 56
1761885937.052187, 56
1761885937.066587, 56
1761885937.081241, 57
1761885937.095670, 57
1761885937.110204, 56
1761885937.124367, 56
1761885937.139114, 56
1761885937.153412, 57
1761885937.167668, 57
1761885937.182494, 58
1761885937.197118, 58
1761885937.211895, 57
1761885937.226429, 56
1761885937.241247, 57
1761885937.255640, 57
1761885937.270192, 56
1761885937.284676, 58
1761885937.299611, 57
1761885937.314833, 56
1761885937.329316, 56
1761885937.343414, 56
1761885937.358060, 57
1761885937.372278, 57
1761885937.386398, 59
1761885937.400676, 59
1761885937.415169, 59
1761885937.429866, 59
1761885937.444327, 59
1761885937.458416, 58
1761885937.472505, 58
1761885937.487112, 59
1761885937.501644, 59
1761885937.516466, 58
1761885937.530833, 57
1761885937.546627, 56
1761885937.560880, 58
1761885937.575707, 59
1761885937.590214, 59
1761885937.604588, 60
1761885937.619197, 59
1761885937.633775, 59
1761885937.647984, 59
1761885937.662574, 59
1761885937.677024, 59
1761885937.691591, 59
1761885937.705749, 59
1761885937.720725, 58
1761885937.735097, 58
1761885937.749706, 58
1761885937.764173, 58
1761885937.779176, 59
1761885937.793402, 59
1761885937.808046, 59
1761885937.822759, 58
1761885937.837088, 58
1761885937.851397, 58
1761885937.866255, 58
1761885937.880763, 59
1761885937.895420, 59
1761885937.910097, 59
1761885937.924667, 59
1761885937.939147, 58
1761885937.954391, 59
1761885937.968707, 59
1761885937.983122, 61
1761885937.997504, 60
1761885938.012570, 61
1761885938.027020, 59
1761885938.041830, 60
1761885938.056351, 59
1761885938.070611, 60
1761885938.085140, 61
1761885938.099538, 59
1761885938.114165, 60
1761885938.128736, 60
1761885938.143191, 59
1761885938.157668, 59
1761885938.172883, 59
1761885938.187403, 60
1761885938.202145, 60
1761885938.216626, 60
1761885938.231078, 60
1761885938.245659, 60
1761885938.260392, 60
1761885938.274700, 60
1761885938.288851, 62
1761885938.303339, 61
1761885938.317870, 61
1761885938.333035, 60
1761885938.347687, 60
1761885938.362209, 60
1761885938.377093, 59
1761885938.391603, 62
1761885938.406066, 61
1761885938.420700, 62
1761885938.435119, 60
1761885938.449530, 61
1761885938.464348, 61
1761885938.478455, 61
1761885938.493159, 61
1761885938.507912, 63
1761885938.522399, 61
1761885938.537708, 61
1761885938.552165, 61
1761885938.566621, 61
1761885938.581515, 62
1761885938.596344, 62
1761885938.610741, 62
1761885938.625298, 61
1761885938.639807, 61
1761885938.654264, 61
1761885938.668819, 62
1761885938.683061, 63
1761885938.697604, 63
1761885938.712010, 62
1761885938.726481, 63
1761885938.741288, 62
1761885938.756253, 62
1761885938.770367, 62
1761885938.785101, 63
1761885938.800046, 63
1761885938.814907, 63
1761885938.830382, 61
1761885938.844990, 61
1761885938.860286, 62
1761885938.875310, 62
1761885938.890239, 63
1761885938.904634, 64
1761885938.919116, 63
1761885938.934231, 62
1761885938.948968, 63
1761885938.963804, 62
1761885938.978445, 63
1761885938.993832, 63
1761885939.008654, 63
1761885939.023479, 63
1761885939.037941, 62
1761885939.053101, 62
1761885939.067667, 62
1761885939.082030, 62
1761885939.096710, 65
1761885939.111258, 64
1761885939.125954, 65
1761885939.140616, 64
1761885939.154927, 63
1761885939.169952, 63
1761885939.184503, 62
1761885939.199246, 63
1761885939.214922, 64
1761885939.230152, 64
1761885939.245412, 62
1761885939.260971, 62
1761885939.275989, 62
1761885939.290594, 63
1761885939.305771, 64
1761885939.321752, 64
1761885939.337071, 65
1761885939.351618, 64
1761885939.366319, 64
1761885939.380357, 63
1761885939.395185, 64
1761885939.409732, 65
1761885939.424221, 65
1761885939.438400, 63
1761885939.452807, 64
1761885939.468126, 64
1761885939.482876, 63
1761885939.497679, 64
1761885939.512750, 64
1761885939.527275, 65
1761885939.541709, 66
1761885939.555809, 64
1761885939.571154, 64
1761885939.585464, 64
1761885939.600508, 65
1761885939.614711, 66
1761885939.629291, 66
1761885939.643625, 64
1761885939.658117, 64
1761885939.672341, 64
1761885939.686800, 64
1761885939.700953, 65
1761885939.716078, 66
1761885939.730305, 65
1761885939.744646, 64
1761885939.758847, 64
1761885939.773195, 64
1761885939.787923, 64
1761885939.802388, 65
1761885939.817317, 66
1761885939.831479, 65
1761885939.846238, 65
1761885939.860311, 65
1761885939.874839, 65
1761885939.889415, 65
1761885939.904659, 66
1761885939.919362, 67
1761885939.933599, 67
1761885939.948597, 66
1761885939.963173, 66
1761885939.977789, 66
1761885939.991931, 65
1761885940.006519, 67
1761885940.021185, 67
1761885940.035802, 66
1761885940.050214, 65
1761885940.064606, 67
1761885940.078880, 66
1761885940.093311, 66
1761885940.107790, 68
1761885940.122465, 68
1761885940.136871, 67
1761885940.151326, 67
1761885940.166222, 66
1761885940.181074, 67
1761885940.195706, 67
1761885940.210131, 68
1761885940.224673, 66
1761885940.239410, 66
1761885940.253748, 66
1761885940.268210, 66
1761885940.282599, 66
1761885940.296755, 67
1761885940.311189, 67
1761885940.326084, 67
1761885940.340140, 67
1761885940.354546, 66
1761885940.369345, 67
1761885940.384157, 67
1761885940.399131, 68
1761885940.413753, 68
1761885940.428372, 68
1761885940.442380, 68
1761885940.456796, 68
1761885940.471479, 68
1761885940.486192, 67
1761885940.501359, 68
1761885940.515698, 69
1761885940.530075, 69
1761885940.545289, 69
1761885940.560164, 66
1761885940.574313, 66
1761885940.588658, 66
1761885940.603361, 67
1761885940.617788, 67
1761885940.632204, 67
1761885940.647294, 67
1761885940.661802, 67
1761885940.676026, 68
1761885940.690372, 67
1761885940.705133, 68
1761885940.719945, 69
1761885940.734369, 69
1761885940.749024, 69
1761885940.763687, 68
1761885940.778152, 68
1761885940.792694, 68
1761885940.807582, 69
1761885940.822237, 69
1761885940.837085, 69
1761885940.851764, 68
1761885940.866433, 68
1761885940.880744, 68
1761885940.894999, 68
1761885940.909466, 68
1761885940.923898, 69
1761885940.938658, 68
1761885940.952683, 68
1761885940.967091, 67
1761885940.981517, 67
1761885940.995707, 68
1761885941.010309, 69
1761885941.024904, 69
1761885941.039145, 70
1761885941.053515, 70
1761885941.068230, 69
1761885941.082715, 69
1761885941.098423, 68
1761885941.112550, 69
1761885941.127168, 69
1761885941.141604, 69
1761885941.156387, 70
1761885941.171022, 69
1761885941.185400, 69
1761885941.200751, 69
1761885941.215051, 71
1761885941.229826, 70
1761885941.244570, 70
1761885941.259036, 71
1761885941.274060, 70
1761885941.288255, 70
1761885941.303016, 71
1761885941.318093, 71
1761885941.332810, 70
1761885941.347948, 70
1761885941.362191, 70
1761885941.376447, 69
1761885941.390947, 69
1761885941.405601, 70
1761885941.420847, 70
1761885941.435525, 70
1761885941.450090, 70
1761885941.464895, 70
1761885941.479383, 70
1761885941.494143, 71
1761885941.508979, 72
1761885941.523510, 71
1761885941.538051, 71
1761885941.552616, 71
1761885941.567146, 72
1761885941.581701, 70
1761885941.595958, 69
1761885941.610772, 71
1761885941.625807, 71
1761885941.640001, 71
1761885941.654614, 70
1761885941.669132, 70
1761885941.684272, 69
1761885941.699073, 69
1761885941.713877, 71
1761885941.728260, 70
1761885941.742598, 71
1761885941.756896, 71
1761885941.771172, 72
1761885941.785860, 71
1761885941.800533, 72
1761885941.814815, 73
1761885941.829348, 73
1761885941.844158, 73
1761885941.858795, 73
1761885941.873348, 72
1761885941.887870, 72
1761885941.902358, 72
1761885941.916393, 72
1761885941.930833, 71
1761885941.945488, 71
1761885941.960084, 72
1761885941.974205, 72
1761885941.988775, 70
1761885942.003614, 71
1761885942.018180, 72
1761885942.032871, 72
1761885942.047471, 71
1761885942.061940, 71
1761885942.076763, 73
1761885942.090812, 72
1761885942.105815, 71
1761885942.120533, 73
1761885942.135321, 72
1761885942.150063, 72
1761885942.164819, 72
1761885942.180005, 71
1761885942.195060, 71
1761885942.209527, 72
1761885942.223813, 72
1761885942.238503, 72
1761885942.252793, 72
1761885942.267672, 73
1761885942.282267, 71
1761885942.296951, 72
1761885942.311299, 74
1761885942.325968, 73
1761885942.341277, 74
1761885942.355835, 74
1761885942.370733, 75
1761885942.385688, 74
1761885942.400198, 74
1761885942.415023, 74
1761885942.429015, 73
1761885942.444700, 73
1761885942.459094, 73
1761885942.473354, 74
1761885942.488126, 72
1761885942.502528, 73
1761885942.517405, 73
1761885942.532373, 74
1761885942.546875, 74
1761885942.561958, 73
1761885942.576452, 73
1761885942.591532, 72
1761885942.605713, 73
1761885942.620552, 73
1761885942.634955, 74
1761885942.649254, 73
1761885942.664300, 73
1761885942.678895, 73
1761885942.693219, 72
1761885942.708170, 72
1761885942.723112, 74
1761885942.737444, 74
1761885942.751765, 74
1761885942.766478, 74
1761885942.781167, 74
1761885942.796024, 73
1761885942.810358, 73
1761885942.824873, 74
1761885942.839446, 74
1761885942.853372, 74
1761885942.868053, 74
1761885942.882532, 74
1761885942.896964, 73
1761885942.911513, 74
1761885942.926249, 75
1761885942.940854, 74
1761885942.955714, 74
1761885942.970585, 74
1761885942.985109, 74
1761885942.999430, 74
1761885943.013814, 74
1761885943.028393, 74
1761885943.042963, 74
1761885943.057936, 75
1761885943.072438, 74
1761885943.086958, 75
1761885943.101532, 74
1761885943.116291, 75
1761885943.130133, 76
1761885943.144911, 76
1761885943.159591, 75
1761885943.174618, 76
1761885943.188809, 76
1761885943.203307, 73
1761885943.217766, 76
1761885943.232363, 75
1761885943.246919, 74
1761885943.261607, 75
1761885943.276171, 75
1761885943.291291, 76
1761885943.306163, 74
1761885943.320606, 76
1761885943.335181, 76
1761885943.349386, 76
1761885943.363721, 76
1761885943.378208, 76
1761885943.392686, 75
1761885943.407243, 75
1761885943.421811, 75
1761885943.436119, 76
1761885943.451525, 76
1761885943.465815, 76
1761885943.480226, 76
1761885943.494427, 77
1761885943.509399, 76
1761885943.523705, 76
1761885943.538370, 76
1761885943.553002, 77
1761885943.567792, 77
1761885943.582148, 76
1761885943.596704, 77
1761885943.611230, 76
1761885943.626387, 76
1761885943.640897, 76
1761885943.655770, 77
1761885943.670186, 76
1761885943.684576, 76
1761885943.698703, 75
1761885943.713256, 75
1761885943.727401, 76
1761885943.741858, 76
1761885943.756473, 76
1761885943.771556, 76
1761885943.786150, 76
1761885943.800485, 75
1761885943.814959, 75
1761885943.829251, 76
1761885943.843606, 76
1761885943.857856, 76
1761885943.872334, 77
1761885943.886838, 76
1761885943.901540, 75
1761885943.916779, 75
1761885943.932382, 76
1761885943.946559, 76
1761885943.961060, 76
1761885943.975179, 77
1761885943.989958, 77
1761885944.004693, 76
1761885944.018997, 76
1761885944.033585, 77
1761885944.048323, 77
1761885944.064225, 77
1761885944.078541, 78
1761885944.092762, 77
1761885944.107481, 77
1761885944.122149, 76
1761885944.136991, 77
1761885944.151515, 78
1761885944.165810, 77
1761885944.180550, 79
1761885944.194852, 78
1761885944.209527, 77
1761885944.223941, 78
1761885944.238393, 79
1761885944.253463, 79
1761885944.268460, 79
1761885944.283146, 79
1761885944.297516, 78
1761885944.311670, 76
1761885944.326160, 78
1761885944.340749, 78
1761885944.355177, 78
1761885944.369509, 78
1761885944.384127, 78
1761885944.399041, 78
1761885944.413546, 77
1761885944.428854, 78
1761885944.443575, 77
1761885944.458039, 78
1761885944.472560, 78
1761885944.487642, 78
1761885944.501839, 78
1761885944.516072, 78
1761885944.530300, 80
1761885944.544629, 80
1761885944.559090, 80
1761885944.573740, 80
1761885944.588386, 80
1761885944.602923, 80
1761885944.617026, 79
1761885944.631850, 80
1761885944.647045, 79
1761885944.661715, 80
1761885944.676636, 79
1761885944.690967, 79
1761885944.705498, 79
1761885944.719984, 77
1761885944.734354, 78
1761885944.748918, 79
1761885944.763662, 78
1761885944.778158, 80
1761885944.792492, 80
1761885944.806497, 79
1761885944.820848, 78
1761885944.835031, 80
1761885944.850244, 80
1761885944.864897, 79
1761885944.879488, 80
1761885944.894256, 79
1761885944.909168, 79
1761885944.923357, 78
1761885944.937903, 79
1761885944.952673, 80
1761885944.967527, 80
1761885944.982765, 79
1761885944.996984, 81
1761885945.011169, 81
1761885945.026218, 80
1761885945.040693, 80
1761885945.054838, 81
1761885945.069528, 81
1761885945.084502, 80
1761885945.099170, 81
1761885945.113673, 80
1761885945.128780, 80
1761885945.143146, 80
1761885945.157687, 80
1761885945.172395, 80
1761885945.187600, 80
1761885945.201895, 79
1761885945.217112, 80
1761885945.231682, 79
1761885945.246382, 80
1761885945.260698, 80
1761885945.275167, 80
1761885945.290397, 81
1761885945.304590, 81
1761885945.319142, 78
1761885945.334162, 81
1761885945.348585, 81
1761885945.363240, 82
1761885945.377832, 81
1761885945.392499, 81
1761885945.406803, 81
1761885945.421549, 81
1761885945.435549, 81
1761885945.450230, 82
1761885945.465216, 81
1761885945.479482, 81
1761885945.494180, 81
1761885945.508658, 81
1761885945.523013, 80
1761885945.537239, 81
1761885945.551850, 81
1761885945.566415, 81
1761885945.581255, 81
1761885945.596124, 81
1761885945.610861, 82
1761885945.624958, 80
1761885945.639978, 82
1761885945.654550, 81
1761885945.669359, 81
1761885945.684083, 81
1761885945.698833, 81
1761885945.713782, 81
1761885945.727865, 81
1761885945.742816, 81
1761885945.757437, 82
1761885945.772084, 83
1761885945.786777, 82
1761885945.801255, 81
1761885945.816404, 82
1761885945.831094, 82
1761885945.846386, 82
1761885945.861527, 82
1761885945.875859, 83
1761885945.890553, 83
1761885945.905056, 83
1761885945.919263, 83
1761885945.933612, 82
1761885945.948512, 81
1761885945.964090, 82
1761885945.979755, 82
1761885945.994410, 82
1761885946.008809, 82
1761885946.023179, 81
1761885946.037448, 82
1761885946.051578, 81
1761885946.065969, 82
1761885946.080082, 82
1761885946.094463, 82
1761885946.109074, 82
1761885946.123698, 82
1761885946.138671, 83
1761885946.153111, 83
1761885946.168038, 83
1761885946.182416, 83
1761885946.196685, 83
1761885946.211380, 83
1761885946.225935, 83
1761885946.240541, 83
1761885946.254766, 83
1761885946.269725, 83
1761885946.284162, 83
1761885946.298589, 84
1761885946.313032, 83
1761885946.327400, 83
1761885946.341695, 83
1761885946.356113, 83
1761885946.370772, 83
1761885946.385417, 83
1761885946.400860, 83
1761885946.415100, 83
1761885946.429347, 83
1761885946.443704, 83
1761885946.458249, 83
1761885946.472727, 84
1761885946.487411, 83
1761885946.501782, 83
1761885946.516702, 83
1761885946.531364, 84
1761885946.545610, 83
1761885946.560723, 84
1761885946.575364, 84
1761885946.590379, 83
1761885946.604717, 83
1761885946.618849, 84
1761885946.633376, 84
1761885946.648145, 83
1761885946.662639, 84
1761885946.677439, 84
1761885946.691696, 84
1761885946.706215, 84
1761885946.720950, 84
1761885946.735516, 83
1761885946.750105, 83
1761885946.764899, 82
1761885946.779447, 84
1761885946.794088, 84
1761885946.808667, 84
1761885946.822987, 84
1761885946.837131, 85
1761885946.851617, 84
1761885946.866440, 85
1761885946.880761, 84
1761885946.895775, 85
1761885946.910269, 85
1761885946.924965, 84
1761885946.939582, 83
1761885946.954290, 85
1761885946.968559, 84
1761885946.983279, 84
1761885946.998184, 84
1761885947.012623, 85
1761885947.027249, 85
1761885947.041445, 85
1761885947.056039, 85
1761885947.070592, 85
1761885947.085575, 85
1761885947.099826, 85
1761885947.114494, 84
1761885947.128747, 85
1761885947.143257, 85
1761885947.158112, 85
1761885947.172799, 85
1761885947.187698, 85
1761885947.202405, 84
1761885947.216679, 84
1761885947.230987, 85
1761885947.245527, 83
1761885947.260176, 84
1761885947.274459, 85
1761885947.288926, 85
1761885947.303123, 86
1761885947.318396, 86
1761885947.333153, 85
1761885947.347865, 85
1761885947.362381, 86
1761885947.376844, 86
1761885947.391202, 85
1761885947.406076, 85
1761885947.421323, 85
1761885947.435804, 86
1761885947.450476, 86
1761885947.465113, 86
1761885947.479613, 86
1761885947.494158, 85
1761885947.508607, 86
1761885947.523135, 86
1761885947.537471, 86
1761885947.551808, 86
1761885947.566450, 85
1761885947.581034, 85
1761885947.595607, 85
1761885947.610623, 86
1761885947.625380, 87
1761885947.639736, 86
1761885947.654241, 86
1761885947.668995, 86
1761885947.683463, 86
1761885947.697739, 86
1761885947.712228, 87
1761885947.726511, 87
1761885947.740545, 87
1761885947.754591, 88
1761885947.769123, 88
1761885947.783446, 88
1761885947.798119, 88
1761885947.812592, 86
1761885947.826691, 87
1761885947.841070, 87
1761885947.855411, 88
1761885947.870322, 87
1761885947.884714, 86
1761885947.899087, 86
1761885947.913783, 86
1761885947.928352, 86
1761885947.942589, 86
1761885947.957664, 86
1761885947.972411, 86
1761885947.987342, 86
1761885948.001854, 86
1761885948.016554, 86
1761885948.030975, 86
1761885948.045374, 86
1761885948.059976, 86
1761885948.074779, 86
1761885948.089326, 87
1761885948.103612, 87
1761885948.117814, 87
1761885948.132877, 87
1761885948.147167, 87
1761885948.161703, 87
1761885948.176308, 87
1761885948.190651, 87
1761885948.204979, 87
1761885948.219440, 87
1761885948.233938, 87
1761885948.248488, 87
1761885948.262704, 88
1761885948.277691, 87
1761885948.292189, 87
1761885948.306610, 87
1761885948.320933, 87
1761885948.335583, 87
1761885948.349761, 87
1761885948.364339, 87
1761885948.378620, 87
1761885948.393044, 87
1761885948.407455, 87
1761885948.422940, 88
1761885948.437425, 88
1761885948.452317, 88
1761885948.467190, 88
1761885948.481988, 88
1761885948.497019, 87
1761885948.511381, 88
1761885948.525688, 87
1761885948.540551, 87
1761885948.554675, 88
1761885948.569531, 88
1761885948.583999, 88
1761885948.598327, 88
1761885948.613288, 88
1761885948.627958, 88
1761885948.642278, 88
1761885948.657064, 89
1761885948.671649, 88
1761885948.686052, 88
1761885948.701109, 88
1761885948.715251, 88
1761885948.730867, 89
1761885948.746152, 89
1761885948.760831, 90
1761885948.775421, 90
1761885948.789532, 89
1761885948.804874, 89
1761885948.820250, 89
1761885948.835471, 88
1761885948.849795, 88
1761885948.865040, 89
1761885948.879625, 88
1761885948.894376, 88
1761885948.908596, 89
1761885948.922720, 89
1761885948.937333, 89
1761885948.952362, 89
1761885948.967298, 91
1761885948.981424, 90
1761885948.995845, 89
1761885949.010339, 91
1761885949.024750, 90
1761885949.039236, 90
1761885949.054058, 91
1761885949.068627, 90
1761885949.083006, 91
1761885949.097462, 90
1761885949.111632, 89
1761885949.125560, 90
1761885949.140124, 90
1761885949.154509, 90
1761885949.169005, 89
1761885949.183498, 89
1761885949.197861, 90
1761885949.212041, 89
1761885949.226398, 89
1761885949.241497, 90
1761885949.256489, 90
1761885949.271193, 91
1761885949.286398, 89
1761885949.301166, 89
1761885949.315749, 89
1761885949.330230, 90
1761885949.345012, 89
1761885949.359888, 89
1761885949.374366, 89
1761885949.388863, 89
1761885949.403251, 89
1761885949.417758, 90
1761885949.432774, 89
1761885949.447368, 90
1761885949.462539, 90
1761885949.477679, 89
1761885949.492978, 89
1761885949.507722, 90
1761885949.522033, 90
1761885949.536639, 90
1761885949.551545, 91
1761885949.566702, 91
1761885949.581485, 91
1761885949.596349, 90
1761885949.610610, 91
1761885949.625202, 90
1761885949.639816, 90
1761885949.654476, 91
1761885949.668963, 92
1761885949.683335, 92
1761885949.698799, 92
1761885949.713849, 91
1761885949.728359, 91
1761885949.742732, 90
1761885949.757637, 90
1761885949.772925, 92
1761885949.787874, 91
1761885949.802615, 91
1761885949.817530, 92
1761885949.832168, 92
1761885949.846589, 91
1761885949.860780, 91
1761885949.875658, 93
1761885949.890354, 92
1761885949.904996, 91
1761885949.919404, 91
1761885949.933774, 92
1761885949.947921, 92
1761885949.962559, 92
1761885949.976862, 93
1761885949.991728, 92
1761885950.006132, 92
1761885950.021043, 91
1761885950.035209, 92
1761885950.049812, 92
1761885950.064438, 91
1761885950.079114, 93
1761885950.093791, 92
1761885950.108741, 91
1761885950.123196, 91
1761885950.137703, 91
1761885950.151832, 91
1761885950.166437, 92
1761885950.181758, 91
1761885950.196244, 92
1761885950.210828, 92
1761885950.225107, 92
1761885950.239675, 92
1761885950.253970, 91
1761885950.268144, 93
1761885950.282630, 92
1761885950.297103, 91
1761885950.311234, 91
1761885950.325446, 91
1761885950.339897, 91
1761885950.354383, 91
1761885950.369363, 92
1761885950.383677, 91
1761885950.398363, 91
1761885950.413394, 91
1761885950.427385, 92
1761885950.442392, 92
1761885950.457544, 93
1761885950.472314, 94
1761885950.486816, 92
1761885950.501480, 93
1761885950.516152, 93
1761885950.531299, 92
1761885950.545775, 92
1761885950.560549, 92
1761885950.575236, 93
1761885950.589922, 93
1761885950.604884, 93
1761885950.619887, 93
1761885950.634451, 94
1761885950.649240, 92
1761885950.664097, 92
1761885950.678341, 93
1761885950.693271, 92
1761885950.707930, 92
1761885950.722134, 92
1761885950.736663, 93
1761885950.750735, 94
1761885950.765183, 93
1761885950.779459, 95
1761885950.794112, 93
1761885950.808698, 94
1761885950.823526, 94
1761885950.838034, 94
1761885950.852950, 93
1761885950.867525, 95
1761885950.882102, 95
1761885950.896500, 95
1761885950.911193, 95
1761885950.925586, 95
1761885950.939890, 94
1761885950.954327, 94
1761885950.969583, 94
1761885950.983699, 94
1761885950.998796, 93
1761885951.013100, 93
1761885951.027475, 94
1761885951.042607, 94
1761885951.057312, 95
1761885951.071851, 95
1761885951.086381, 95
1761885951.101173, 93
1761885951.115676, 94
1761885951.130405, 94
1761885951.145291, 93
1761885951.159934, 94
1761885951.175389, 94
1761885951.189809, 95
1761885951.203987, 94
1761885951.218772, 94
1761885951.233383, 94
1761885951.248006, 94
1761885951.262576, 94
1761885951.276711, 96
1761885951.292414, 95
1761885951.307402, 94
1761885951.321346, 95
1761885951.335845, 95
1761885951.350790, 94
1761885951.365344, 95
1761885951.379657, 95
1761885951.394336, 94
1761885951.409446, 94
1761885951.424342, 93
1761885951.439037, 94
1761885951.454617, 94
1761885951.469184, 95
1761885951.484488, 95
1761885951.498751, 95
1761885951.513005, 95
1761885951.528210, 95
1761885951.543196, 95
1761885951.557371, 95
1761885951.571839, 96
1761885951.586226, 97
1761885951.600986, 96
1761885951.615754, 96
1761885951.630617, 95
1761885951.645070, 95
1761885951.659909, 95
1761885951.674222, 96
1761885951.688462, 96
1761885951.702823, 94
1761885951.717218, 94
1761885951.731785, 94
1761885951.746447, 95
1761885951.760648, 94
1761885951.775560, 96
1761885951.789846, 96
1761885951.804566, 96
1761885951.819641, 95
1761885951.833999, 96
1761885951.848525, 96
1761885951.862968, 95
1761885951.877251, 96
1761885951.891880, 97
1761885951.906708, 95
1761885951.921407, 95
1761885951.935964, 96
1761885951.950292, 96
1761885951.964900, 96
1761885951.979115, 97
1761885951.993643, 97
1761885952.008329, 94
1761885952.022418, 96
1761885952.037455, 95
1761885952.052036, 95
1761885952.066952, 95
1761885952.081340, 96
1761885952.096229, 97
1761885952.110496, 95
1761885952.126052, 96
1761885952.140229, 96
1761885952.155153, 96
1761885952.169902, 95
1761885952.185658, 96
1761885952.200361, 96
1761885952.214803, 95
1761885952.228926, 95
1761885952.243951, 95
1761885952.258147, 95
1761885952.272622, 96
1761885952.286846, 97
1761885952.301497, 97
1761885952.315884, 96
1761885952.330821, 96
1761885952.345491, 96
1761885952.360075, 96
1761885952.374309, 96
1761885952.389211, 97
1761885952.403574, 97
1761885952.418585, 96
1761885952.432683, 96
1761885952.447534, 96
1761885952.461889, 96
1761885952.476523, 96
1761885952.490786, 98
1761885952.505757, 97
1761885952.520161, 97
1761885952.534654, 97
1761885952.549206, 96
1761885952.563816, 97
1761885952.579002, 96
1761885952.593400, 97
1761885952.608026, 97
1761885952.623073, 96
1761885952.637616, 96
1761885952.651981, 96
1761885952.666256, 96
1761885952.680905, 96
1761885952.695384, 97
1761885952.710136, 98
1761885952.724509, 96
1761885952.739051, 96
1761885952.753350, 97
1761885952.768308, 97
1761885952.783100, 98
1761885952.797893, 99
1761885952.813150, 98
1761885952.827776, 98
1761885952.842162, 97
1761885952.856927, 98
1761885952.871398, 98
1761885952.885832, 99
1761885952.900470, 98
1761885952.914915, 98
1761885952.929518, 98
1761885952.944055, 98
1761885952.958625, 98
1761885952.973252, 98
1761885952.987972, 98
1761885953.002716, 98
1761885953.017089, 97
1761885953.031638, 97
1761885953.046295, 97
1761885953.061051, 97
1761885953.075600, 98
1761885953.090364, 98
1761885953.105094, 99
1761885953.119936, 98
1761885953.134247, 97
1761885953.148306, 98
1761885953.162446, 97
1761885953.177019, 97
1761885953.191293, 98
1761885953.205846, 98
1761885953.220805, 97
1761885953.235721, 98
1761885953.250612, 98
1761885953.264514, 99
1761885953.279345, 98
1761885953.294270, 100
1761885953.308849, 99
1761885953.323044, 99
1761885953.337878, 99
1761885953.352629, 99
1761885953.367383, 99
1761885953.381863, 98
1761885953.396713, 100
1761885953.411054, 99
1761885953.425816, 98
1761885953.440244, 99
1761885953.454602, 98
1761885953.469593, 99
1761885953.484451, 98
1761885953.498955, 99
1761885953.513269, 99
1761885953.527926, 98
1761885953.542563, 98
1761885953.556943, 99
1761885953.571269, 99
1761885953.585577, 98
1761885953.600740, 99
1761885953.614934, 99
1761885953.629338, 98
1761885953.644151, 98
1761885953.658540, 99
1761885953.673810, 99
1761885953.688429, 98
1761885953.704221, 99
1761885953.718511, 100
1761885953.732948, 99
1761885953.747552, 99
1761885953.762196, 99
1761885953.776853, 99
1761885953.791450, 100
1761885953.806376, 99
1761885953.820863, 99
1761885953.835821, 99
1761885953.850101, 98
1761885953.865123, 99
1761885953.879913, 98
1761885953.894975, 99
1761885953.909317, 100
1761885953.923747, 100
1761885953.937811, 99
1761885953.952162, 98
1761885953.966471, 97
1761885953.980865, 97
1761885953.995486, 99
1761885954.009798, 100
1761885954.024603, 99
1761885954.039337, 98
1761885954.054740, 98
1761885954.068816, 97
1761885954.083025, 97
1761885954.097778, 99
1761885954.112398, 99
1761885954.126727, 97
1761885954.141324, 97
1761885954.155960, 97
1761885954.170198, 97
1761885954.184735, 97
1761885954.199071, 99
1761885954.213548, 98
1761885954.228098, 99
1761885954.242618, 98
1761885954.257288, 98
1761885954.271844, 98
1761885954.286640, 95
1761885954.301279, 88
1761885954.315875, 81
1761885954.330299, 76
1761885954.344676, 70
1761885954.359281, 63
1761885954.374337, 57
1761885954.389562, 50
1761885954.403802, 47
1761885954.418215, 47
1761885954.432290, 48
1761885954.446965, 47
1761885954.461763, 47
1761885954.476673, 48
1761885954.491348, 47
1761885954.505909, 48
1761885954.520492, 46
1761885954.534830, 46
1761885954.549251, 47
1761885954.563803, 47
1761885954.578024, 47
1761885954.592843, 47
1761885954.607473, 48
1761885954.621813, 47
1761885954.636355, 47
1761885954.650948, 47
1761885954.665574, 47
1761885954.679994, 47
1761885954.694319, 47
1761885954.708610, 48
1761885954.723093, 47
1761885954.737895, 47
1761885954.752482, 47
1761885954.767416, 47
1761885954.781849, 48
1761885954.796333, 48
1761885954.811212, 48
1761885954.825466, 48
1761885954.839986, 49
1761885954.854169, 50
1761885954.868428, 50
1761885954.882708, 50
1761885954.896970, 49
1761885954.912718, 50
1761885954.927342, 49
1761885954.941761, 50
1761885954.956098, 49
1761885954.970595, 48
1761885954.984635, 49
1761885954.999270, 49
1761885955.013341, 50
1761885955.028090, 49
1761885955.043221, 49
1761885955.057649, 50
1761885955.072055, 50
1761885955.086061, 51
1761885955.100312, 50
1761885955.114576, 51
1761885955.129773, 50
1761885955.144072, 50
1761885955.158396, 50
1761885955.173021, 50
1761885955.187946, 50
1761885955.202137, 50
1761885955.217271, 51
1761885955.232229, 50
1761885955.246885, 49
1761885955.261648, 49
1761885955.275733, 50
1761885955.290256, 50
1761885955.305326, 51
1761885955.319911, 52
1761885955.334428, 50
1761885955.349154, 51
1761885955.363660, 51
1761885955.378076, 51
1761885955.392485, 50
1761885955.407170, 51
1761885955.421359, 50
1761885955.435774, 51
1761885955.450012, 50
1761885955.464575, 50
1761885955.479241, 51
1761885955.494117, 50
1761885955.508773, 51
1761885955.523580, 50
1761885955.538080, 51
1761885955.552536, 51
1761885955.567276, 51
1761885955.581632, 52
1761885955.596357, 51
1761885955.611005, 52
1761885955.625453, 51
1761885955.640180, 51
1761885955.654927, 51
1761885955.669576, 50
1761885955.683948, 52
1761885955.698376, 51
1761885955.712659, 52
1761885955.726793, 52
1761885955.741112, 51
1761885955.755929, 51
1761885955.770340, 51
1761885955.784767, 51
1761885955.799014, 51
1761885955.813389, 53
1761885955.827741, 52
1761885955.841907, 52
1761885955.856202, 52
1761885955.870764, 52
1761885955.885293, 53
1761885955.899448, 52
1761885955.914362, 54
1761885955.928825, 54
1761885955.943010, 53
1761885955.957341, 52
1761885955.972353, 52
1761885955.986770, 52
1761885956.000897, 52
1761885956.015147, 53
1761885956.029474, 53
1761885956.043813, 53
1761885956.058523, 53
1761885956.073075, 53
1761885956.088413, 53
1761885956.102658, 53
1761885956.116722, 54
1761885956.130980, 53
1761885956.145669, 53
1761885956.160347, 53
1761885956.174500, 53
1761885956.188949, 54
1761885956.203579, 54
1761885956.217903, 55
1761885956.232484, 54
1761885956.246985, 53
1761885956.261834, 54
1761885956.275956, 53
1761885956.290334, 54
1761885956.304642, 53
1761885956.319481, 55
1761885956.334274, 54
1761885956.348369, 53
1761885956.362603, 53
1761885956.376780, 53
1761885956.391037, 52
1761885956.405639, 54
1761885956.420305, 55
1761885956.434673, 56
1761885956.449350, 55
1761885956.463881, 54
1761885956.478274, 55
1761885956.492419, 55
1761885956.506815, 54
1761885956.521409, 56
1761885956.535949, 55
1761885956.550432, 54
1761885956.565180, 54
1761885956.579223, 54
1761885956.593541, 54
1761885956.608007, 54
1761885956.622004, 56
1761885956.636225, 55
1761885956.651052, 55
1761885956.665496, 55
1761885956.679606, 56
1761885956.694721, 55
1761885956.709291, 56
1761885956.723670, 57
1761885956.738172, 56
1761885956.752328, 55
1761885956.766934, 56
1761885956.781600, 55
1761885956.796129, 55
1761885956.810509, 55
1761885956.825030, 56
1761885956.839639, 55
1761885956.854054, 56
1761885956.868067, 55
1761885956.882726, 56
1761885956.897142, 55
1761885956.911598, 55
1761885956.925594, 57
1761885956.940116, 57
1761885956.954449, 56
1761885956.969033, 56
1761885956.983855, 56
1761885956.998112, 56
1761885957.012904, 56
1761885957.027263, 57
1761885957.042090, 57
1761885957.056691, 57
1761885957.071081, 56
1761885957.085602, 57
1761885957.099935, 57
1761885957.114082, 57
1761885957.128811, 58
1761885957.143221, 58
1761885957.157807, 57
1761885957.172502, 56
1761885957.186993, 57
1761885957.201452, 56
1761885957.216370, 58
1761885957.230640, 58
1761885957.245040, 59
1761885957.259554, 58
1761885957.273702, 58
1761885957.288213, 57
1761885957.302374, 58
1761885957.316983, 58
1761885957.331505, 59
1761885957.346247, 58
1761885957.360554, 57
1761885957.375066, 58
1761885957.389375, 58
1761885957.403840, 58
1761885957.418228, 59
1761885957.432455, 59
1761885957.446941, 59
1761885957.461804, 58
1761885957.476173, 57
1761885957.490521, 58
1761885957.504800, 57
1761885957.519028, 58
1761885957.533437, 58
1761885957.547854, 58
1761885957.562000, 57
1761885957.576188, 58
1761885957.590961, 58
1761885957.605441, 59
1761885957.620189, 59
1761885957.634848, 59
1761885957.649565, 59
1761885957.664159, 59
1761885957.678369, 58
1761885957.692775, 58
1761885957.706981, 59
1761885957.721623, 60
1761885957.736007, 59
1761885957.750606, 59
1761885957.764781, 58
1761885957.780033, 58
1761885957.794150, 58
1761885957.808660, 58
1761885957.823437, 59
1761885957.837765, 59
1761885957.852478, 59
1761885957.867393, 59
1761885957.881780, 60
1761885957.896313, 59
1761885957.911515, 59
1761885957.926207, 61
1761885957.940884, 61
1761885957.955611, 60
1761885957.969821, 60
1761885957.984151, 60
1761885957.998803, 60
1761885958.014271, 58
1761885958.029258, 61
1761885958.043954, 61
1761885958.058507, 60
1761885958.073565, 59
1761885958.088430, 59
1761885958.102942, 59
1761885958.117412, 59
1761885958.132015, 61
1761885958.146230, 62
1761885958.160444, 62
1761885958.174694, 61
1761885958.189757, 61
1761885958.203987, 62
1761885958.218282, 62
1761885958.232767, 63
1761885958.247659, 63
1761885958.262066, 63
1761885958.277060, 61
1761885958.292029, 61
1761885958.306683, 61
1761885958.320918, 60
1761885958.336075, 61
1761885958.350286, 62
1761885958.365256, 62
1761885958.379824, 61
1761885958.394273, 61
1761885958.408458, 60
1761885958.422939, 60
1761885958.437367, 61
1761885958.452107, 61
1761885958.466411, 61
1761885958.480532, 61
1761885958.495175, 61
1761885958.509291, 62
1761885958.524110, 61
1761885958.538694, 62
1761885958.552985, 62
1761885958.567623, 62
1761885958.582916, 62
1761885958.597470, 62
1761885958.612160, 62
1761885958.626599, 62
1761885958.640818, 63
1761885958.655905, 63
1761885958.670178, 60
1761885958.684590, 61
1761885958.699622, 61
1761885958.714182, 61
1761885958.728985, 63
1761885958.743625, 62
1761885958.758163, 62
1761885958.772702, 62
1761885958.787421, 63
1761885958.801944, 63
1761885958.816888, 63
1761885958.831187, 63
1761885958.845892, 64
1761885958.861165, 64
1761885958.875770, 62
1761885958.890780, 62
1761885958.905493, 62
1761885958.919590, 62
1761885958.934331, 63
1761885958.948997, 64
1761885958.963490, 63
1761885958.977883, 63
1761885958.993137, 64
1761885959.008179, 64
1761885959.022790, 63
1761885959.037317, 64
1761885959.051682, 64
1761885959.066281, 64
1761885959.081286, 63
1761885959.095611, 63
1761885959.110845, 64
1761885959.125393, 63
1761885959.139582, 64
1761885959.154202, 63
1761885959.168934, 64
1761885959.183237, 64
1761885959.197965, 63
1761885959.212539, 63
1761885959.226858, 63
1761885959.241314, 64
1761885959.255848, 64
1761885959.270647, 64
1761885959.286329, 63
1761885959.300637, 64
1761885959.316000, 63
1761885959.329956, 64
1761885959.344616, 65
1761885959.359625, 65
1761885959.374678, 64
1761885959.389743, 64
1761885959.405015, 64
1761885959.420130, 64
1761885959.434648, 66
1761885959.449375, 67
1761885959.463521, 66
1761885959.477921, 66
1761885959.492324, 65
1761885959.506843, 65
1761885959.521301, 64
1761885959.537178, 65
1761885959.551530, 65
1761885959.566955, 66
1761885959.581619, 66
1761885959.596223, 64
1761885959.610934, 64
1761885959.625286, 65
1761885959.640387, 66
1761885959.654799, 66
1761885959.669467, 66
1761885959.684238, 66
1761885959.698827, 65
1761885959.713078, 64
1761885959.729045, 64
1761885959.744206, 66
1761885959.758864, 66
