1761886150.121860, 0
1761886150.137826, 1
1761886150.152114, 2
1761886150.166947, 0
1761886150.181842, 2
1761886150.196147, 8
1761886150.210285, 3
1761886150.224559, 8
1761886150.239135, 15
1761886150.253713, 17
1761886150.268480, 18
1761886150.282894, 20
1761886150.298074, 25
1761886150.313094, 31
1761886150.327939, 33
1761886150.342424, 38
1761886150.357194, 42
1761886150.372068, 48
1761886150.386382, 49
1761886150.401049, 49
1761886150.415066, 49
1761886150.429397, 49
1761886150.443939, 49
1761886150.458061, 48
1761886150.472682, 49
1761886150.487789, 50
1761886150.502125, 49
1761886150.516704, 49
1761886150.530992, 49
1761886150.545162, 49
1761886150.559509, 49
1761886150.573822, 49
1761886150.588584, 49
1761886150.602978, 49
1761886150.617010, 49
1761886150.632004, 50
1761886150.646472, 49
1761886150.660773, 50
1761886150.674916, 49
1761886150.689160, 49
1761886150.703815, 49
1761886150.718354, 50
1761886150.732669, 49
1761886150.747238, 49
1761886150.761595, 48
1761886150.776456, 49
1761886150.790672, 49
1761886150.804929, 48
1761886150.819639, 47
1761886150.834221, 47
1761886150.849431, 49
1761886150.864206, 47
1761886150.878597, 50
1761886150.893049, 50
1761886150.907330, 49
1761886150.921854, 48
1761886150.937085, 49
1761886150.951430, 49
1761886150.965898, 49
1761886150.980048, 49
1761886150.994543, 48
1761886151.009005, 45
1761886151.023243, 46
1761886151.037302, 48
1761886151.052116, 48
1761886151.066656, 48
1761886151.081265, 45
1761886151.095843, 44
1761886151.110360, 43
1761886151.125002, 41
1761886151.139159, 41
1761886151.153656, 38
1761886151.168343, 40
1761886151.183102, 38
1761886151.197778, 50
1761886151.212007, 49
1761886151.226270, 49
1761886151.240419, 49
1761886151.254842, 49
1761886151.269274, 49
1761886151.283788, 49
1761886151.298016, 50
1761886151.312647, 50
1761886151.326716, 49
1761886151.340950, 49
1761886151.355294, 48
1761886151.369345, 47
1761886151.383927, 47
1761886151.398247, 48
1761886151.412890, 46
1761886151.427388, 46
1761886151.442271, 48
1761886151.456732, 48
1761886151.470924, 43
1761886151.485420, 38
1761886151.500038, 37
1761886151.514387, 38
1761886151.528641, 34
1761886151.542915, 35
1761886151.557358, 35
1761886151.571777, 35
1761886151.586192, 34
1761886151.600503, 32
1761886151.615123, 32
1761886151.629933, 32
1761886151.644469, 34
1761886151.658926, 28
1761886151.673283, 22
1761886151.687525, 15
1761886151.702043, 13
1761886151.716632, 13
1761886151.732108, 13
1761886151.746934, 14
1761886151.761072, 16
1761886151.775126, 16
1761886151.790071, 14
1761886151.804725, 15
1761886151.819213, 14
1761886151.833410, 14
1761886151.848091, 15
1761886151.862428, 16
1761886151.876776, 17
1761886151.890867, 15
1761886151.905607, 16
1761886151.920007, 15
1761886151.934980, 15
1761886151.949285, 17
1761886151.963610, 17
1761886151.977758, 17
1761886151.992516, 17
1761886152.006808, 17
1761886152.021276, 16
1761886152.035725, 16
1761886152.050179, 17
1761886152.064322, 17
1761886152.078613, 17
1761886152.093154, 17
1761886152.107433, 18
1761886152.121430, 17
1761886152.135811, 18
1761886152.150037, 19
1761886152.164540, 18
1761886152.178828, 18
1761886152.193563, 18
1761886152.208838, 19
1761886152.223563, 19
1761886152.237674, 18
1761886152.252457, 20
1761886152.267183, 20
1761886152.281292, 20
1761886152.295952, 19
1761886152.310049, 19
1761886152.324188, 19
1761886152.338595, 19
1761886152.353010, 20
1761886152.367320, 20
1761886152.382085, 20
1761886152.396383, 19
1761886152.410927, 19
1761886152.425386, 20
1761886152.439733, 21
1761886152.454349, 22
1761886152.469271, 21
1761886152.483816, 21
1761886152.498832, 21
1761886152.513448, 22
1761886152.527833, 22
1761886152.542164, 21
1761886152.556673, 21
1761886152.571138, 21
1761886152.585373, 22
1761886152.599384, 23
1761886152.613693, 22
1761886152.628731, 21
1761886152.642819, 22
1761886152.657378, 24
1761886152.671959, 24
1761886152.686193, 23
1761886152.700903, 24
1761886152.716268, 22
1761886152.730855, 23
1761886152.745241, 22
1761886152.759393, 23
1761886152.773785, 23
1761886152.788394, 23
1761886152.803343, 23
1761886152.817678, 23
1761886152.832179, 23
1761886152.846479, 23
1761886152.861526, 25
1761886152.876730, 24
1761886152.890974, 24
1761886152.905516, 24
1761886152.919587, 25
1761886152.933998, 24
1761886152.948280, 24
1761886152.962931, 25
1761886152.977592, 25
1761886152.992349, 25
1761886153.006747, 23
1761886153.021210, 24
1761886153.035703, 25
1761886153.050278, 25
1761886153.064830, 25
1761886153.079074, 26
1761886153.093621, 26
1761886153.107867, 25
1761886153.122245, 24
1761886153.136563, 24
1761886153.151227, 25
1761886153.165757, 26
1761886153.180127, 26
1761886153.194595, 26
1761886153.209060, 27
1761886153.223458, 25
1761886153.238201, 25
1761886153.252870, 26
1761886153.267394, 26
1761886153.281785, 26
1761886153.296134, 27
1761886153.310705, 27
1761886153.325167, 26
1761886153.339430, 26
1761886153.354102, 28
1761886153.368979, 28
1761886153.383361, 28
1761886153.398218, 29
1761886153.412773, 28
1761886153.427085, 27
1761886153.441356, 26
1761886153.455509, 27
1761886153.470596, 27
1761886153.484985, 28
1761886153.499921, 28
1761886153.514182, 29
1761886153.528689, 27
1761886153.543315, 27
1761886153.558507, 28
1761886153.573324, 28
1761886153.587468, 28
1761886153.601741, 28
1761886153.615956, 27
1761886153.630863, 28
1761886153.645236, 29
1761886153.661088, 30
1761886153.675482, 31
1761886153.689740, 30
1761886153.704099, 29
1761886153.718143, 30
1761886153.732322, 30
1761886153.747015, 29
1761886153.761412, 29
1761886153.776219, 29
1761886153.790473, 29
1761886153.805343, 29
1761886153.820276, 31
1761886153.834457, 29
1761886153.848698, 29
1761886153.863186, 30
1761886153.877487, 30
1761886153.892234, 30
1761886153.906610, 31
1761886153.920652, 30
1761886153.935593, 29
1761886153.950192, 30
1761886153.964612, 31
1761886153.979155, 31
1761886153.993572, 32
1761886154.008092, 32
1761886154.022675, 32
1761886154.036844, 30
1761886154.051137, 31
1761886154.066642, 32
1761886154.081119, 32
1761886154.095985, 32
1761886154.110839, 32
1761886154.125300, 33
1761886154.139532, 31
1761886154.153789, 30
1761886154.168700, 33
1761886154.183150, 33
1761886154.197491, 32
1761886154.211845, 33
1761886154.226531, 33
1761886154.241479, 32
1761886154.256385, 31
1761886154.271188, 32
1761886154.285671, 32
1761886154.300131, 33
1761886154.314144, 33
1761886154.329082, 34
1761886154.344062, 32
1761886154.359129, 34
1761886154.374105, 34
1761886154.388437, 34
1761886154.403059, 33
1761886154.417565, 33
1761886154.432548, 34
1761886154.447268, 33
1761886154.461726, 34
1761886154.476424, 35
1761886154.491153, 35
1761886154.506232, 34
1761886154.521004, 34
1761886154.535181, 33
1761886154.549740, 33
1761886154.564482, 35
1761886154.579039, 35
1761886154.593375, 34
1761886154.607757, 35
1761886154.622900, 35
1761886154.637583, 35
1761886154.653077, 32
1761886154.667690, 34
1761886154.682419, 34
1761886154.696957, 35
1761886154.711633, 35
1761886154.726719, 35
1761886154.741125, 35
1761886154.755616, 35
1761886154.770126, 36
1761886154.784582, 36
1761886154.799193, 36
1761886154.813697, 36
1761886154.828471, 36
1761886154.843363, 36
1761886154.857862, 35
1761886154.871964, 36
1761886154.886140, 36
1761886154.900667, 36
1761886154.914864, 35
1761886154.929204, 35
1761886154.943663, 36
1761886154.957953, 35
1761886154.972471, 36
1761886154.986808, 36
1761886155.001061, 36
1761886155.015694, 36
1761886155.030248, 36
1761886155.044781, 36
1761886155.059218, 35
1761886155.073757, 38
1761886155.088134, 37
1761886155.102398, 37
1761886155.116857, 38
1761886155.131078, 38
1761886155.145232, 37
1761886155.159851, 35
1761886155.174011, 37
1761886155.188378, 38
1761886155.202437, 38
1761886155.217168, 37
1761886155.231741, 38
1761886155.246747, 37
1761886155.261617, 36
1761886155.276444, 38
1761886155.290830, 38
1761886155.305082, 38
1761886155.319291, 39
1761886155.333406, 39
1761886155.347730, 39
1761886155.362261, 38
1761886155.377346, 39
1761886155.391751, 38
1761886155.406280, 39
1761886155.420633, 40
1761886155.434934, 39
1761886155.449717, 39
1761886155.464027, 38
1761886155.478615, 39
1761886155.493559, 39
1761886155.507910, 40
1761886155.522530, 40
1761886155.537360, 40
1761886155.551672, 38
1761886155.565917, 37
1761886155.580615, 39
1761886155.594912, 39
1761886155.609556, 39
1761886155.624636, 39
1761886155.639274, 39
1761886155.653807, 39
1761886155.668496, 39
1761886155.683048, 39
1761886155.697905, 40
1761886155.712728, 40
1761886155.726981, 40
1761886155.741390, 41
1761886155.756251, 40
1761886155.770611, 42
1761886155.785224, 41
1761886155.799473, 41
1761886155.813999, 40
1761886155.828492, 41
1761886155.842709, 41
1761886155.856846, 42
1761886155.871271, 40
1761886155.886483, 40
1761886155.900897, 41
1761886155.915243, 40
1761886155.929806, 41
1761886155.943994, 41
1761886155.958789, 40
1761886155.973300, 40
1761886155.987925, 42
1761886156.002977, 42
1761886156.017229, 42
1761886156.031634, 42
1761886156.046411, 43
1761886156.061389, 43
1761886156.075855, 43
1761886156.090616, 42
1761886156.104958, 41
1761886156.119347, 41
1761886156.134629, 43
1761886156.149884, 42
1761886156.164240, 41
1761886156.178740, 41
1761886156.193796, 42
1761886156.208657, 42
1761886156.223029, 43
1761886156.237648, 43
1761886156.252282, 43
1761886156.266604, 44
1761886156.281425, 44
1761886156.295621, 43
1761886156.309789, 43
1761886156.324230, 42
1761886156.338529, 42
1761886156.352766, 43
1761886156.367378, 42
1761886156.381642, 42
1761886156.396020, 42
1761886156.410043, 42
1761886156.424575, 44
1761886156.439046, 44
1761886156.453742, 44
1761886156.468242, 44
1761886156.482460, 44
1761886156.497771, 44
1761886156.512589, 43
1761886156.526773, 43
1761886156.540987, 43
1761886156.555183, 43
1761886156.569649, 43
1761886156.584358, 43
1761886156.598833, 43
1761886156.614889, 43
1761886156.629453, 43
1761886156.644210, 43
1761886156.658993, 43
1761886156.673451, 43
1761886156.688064, 43
1761886156.702749, 44
1761886156.717434, 44
1761886156.732504, 44
1761886156.746971, 45
1761886156.761750, 45
1761886156.776582, 46
1761886156.791097, 46
1761886156.806024, 44
1761886156.820548, 44
1761886156.835042, 46
1761886156.849163, 46
1761886156.863394, 45
1761886156.878472, 45
1761886156.892897, 44
1761886156.907765, 45
1761886156.922087, 45
1761886156.937712, 45
1761886156.952489, 45
1761886156.967183, 47
1761886156.981475, 48
1761886156.996212, 47
1761886157.010308, 47
1761886157.025290, 46
1761886157.040570, 46
1761886157.055126, 46
1761886157.069685, 45
1761886157.084558, 46
1761886157.098778, 45
1761886157.113245, 45
1761886157.127897, 46
1761886157.142252, 46
1761886157.157427, 47
1761886157.171741, 46
1761886157.186307, 46
1761886157.200846, 47
1761886157.215283, 46
1761886157.229635, 47
1761886157.244224, 46
1761886157.258638, 46
1761886157.273282, 47
1761886157.288120, 46
1761886157.302685, 46
1761886157.317113, 47
1761886157.331502, 47
1761886157.345920, 47
1761886157.360188, 47
1761886157.374650, 47
1761886157.389066, 47
1761886157.403231, 47
1761886157.418286, 48
1761886157.433121, 48
1761886157.448048, 48
1761886157.462691, 47
1761886157.478104, 48
1761886157.492897, 47
1761886157.507138, 47
1761886157.521787, 48
1761886157.536050, 48
1761886157.550733, 47
1761886157.565389, 47
1761886157.579921, 47
1761886157.594072, 47
1761886157.608356, 48
1761886157.622733, 47
1761886157.637492, 48
1761886157.652283, 48
1761886157.667135, 48
1761886157.682171, 49
1761886157.697419, 48
1761886157.711705, 48
1761886157.725717, 48
1761886157.740057, 48
1761886157.754658, 48
1761886157.768886, 48
1761886157.782889, 48
1761886157.798095, 48
1761886157.812784, 48
1761886157.827216, 48
1761886157.841758, 48
1761886157.856443, 48
1761886157.870958, 48
1761886157.885634, 49
1761886157.899871, 48
1761886157.914403, 48
1761886157.929480, 48
1761886157.943793, 49
1761886157.958099, 49
1761886157.972730, 49
1761886157.987547, 49
1761886158.001761, 48
1761886158.016088, 48
1761886158.030648, 48
1761886158.045019, 48
1761886158.059877, 48
1761886158.074381, 48
1761886158.088566, 48
1761886158.103129, 48
1761886158.117984, 49
1761886158.132403, 48
1761886158.146914, 47
1761886158.161688, 47
1761886158.175960, 48
1761886158.190364, 49
1761886158.204868, 48
1761886158.219465, 48
1761886158.233833, 48
1761886158.247900, 42
1761886158.261997, 37
1761886158.276035, 31
1761886158.290911, 25
1761886158.305278, 21
1761886158.319555, 21
1761886158.334246, 22
1761886158.348557, 21
1761886158.363096, 21
1761886158.377352, 22
1761886158.392137, 22
1761886158.407138, 23
1761886158.421341, 22
1761886158.435931, 22
1761886158.451043, 21
1761886158.465517, 22
1761886158.480201, 22
1761886158.495011, 23
1761886158.509807, 23
1761886158.524540, 23
1761886158.539098, 23
1761886158.553166, 22
1761886158.567455, 22
1761886158.582101, 22
1761886158.596350, 25
1761886158.610488, 25
1761886158.625151, 24
1761886158.639775, 24
1761886158.654401, 24
1761886158.669301, 23
1761886158.684178, 25
1761886158.698924, 25
1761886158.713846, 25
1761886158.728722, 24
1761886158.743264, 26
1761886158.758081, 25
1761886158.772609, 25
1761886158.786744, 25
1761886158.801093, 25
1761886158.816134, 25
1761886158.830235, 26
1761886158.844673, 25
1761886158.860167, 25
1761886158.874698, 24
1761886158.888984, 25
1761886158.903494, 27
1761886158.918978, 26
1761886158.933259, 26
1761886158.947718, 26
1761886158.962837, 25
1761886158.977522, 25
1761886158.992085, 26
1761886159.006506, 26
1761886159.021226, 26
1761886159.036707, 28
1761886159.050975, 28
1761886159.065627, 27
1761886159.080023, 27
1761886159.094272, 27
1761886159.108858, 27
1761886159.123406, 28
1761886159.137749, 29
1761886159.152033, 28
1761886159.166992, 27
1761886159.181449, 27
1761886159.196420, 27
1761886159.210864, 28
1761886159.225630, 28
1761886159.240388, 28
1761886159.255043, 28
1761886159.269191, 27
1761886159.283880, 27
1761886159.298917, 28
1761886159.313382, 28
1761886159.327858, 28
1761886159.342502, 28
1761886159.356779, 28
1761886159.371154, 27
1761886159.385543, 29
1761886159.400705, 29
1761886159.415310, 29
1761886159.429546, 29
1761886159.443768, 29
1761886159.458491, 30
1761886159.473209, 28
1761886159.488199, 28
1761886159.502850, 29
1761886159.517763, 30
1761886159.532467, 31
1761886159.547232, 30
1761886159.561696, 32
1761886159.576171, 31
1761886159.590323, 30
1761886159.604994, 30
1761886159.619364, 31
1761886159.633864, 31
1761886159.648518, 30
1761886159.663186, 31
1761886159.677690, 31
1761886159.692273, 30
1761886159.707027, 30
1761886159.721421, 31
1761886159.735735, 31
1761886159.750394, 31
1761886159.764678, 32
1761886159.779041, 30
1761886159.793284, 30
1761886159.807789, 31
1761886159.822426, 32
1761886159.836681, 31
1761886159.850843, 31
1761886159.865360, 31
1761886159.880019, 30
1761886159.895003, 32
1761886159.909591, 33
1761886159.924674, 32
1761886159.939910, 33
1761886159.954146, 33
1761886159.969804, 33
1761886159.984222, 31
1761886159.998865, 33
1761886160.013703, 33
1761886160.027957, 33
1761886160.042498, 33
1761886160.056939, 33
1761886160.071553, 32
1761886160.086561, 31
1761886160.100845, 33
1761886160.115472, 33
1761886160.129725, 33
1761886160.144613, 33
1761886160.159433, 33
1761886160.174144, 33
1761886160.188354, 32
1761886160.202821, 34
1761886160.217020, 33
1761886160.231641, 32
1761886160.246377, 34
1761886160.261015, 34
1761886160.275324, 34
1761886160.289816, 33
1761886160.303903, 35
1761886160.318442, 36
1761886160.332960, 36
1761886160.348065, 35
1761886160.362718, 35
1761886160.376807, 35
1761886160.391703, 35
1761886160.406193, 35
1761886160.420702, 35
1761886160.435628, 35
1761886160.450739, 34
1761886160.465852, 34
1761886160.480489, 35
1761886160.495206, 34
1761886160.509613, 35
1761886160.523902, 35
1761886160.538503, 35
1761886160.552827, 35
1761886160.567409, 35
1761886160.581766, 36
1761886160.595912, 34
1761886160.610385, 35
1761886160.624670, 35
1761886160.639345, 37
1761886160.653701, 37
1761886160.668178, 36
1761886160.682695, 36
1761886160.696845, 37
1761886160.711844, 38
1761886160.726438, 37
1761886160.740695, 37
1761886160.755396, 37
1761886160.769630, 37
1761886160.784590, 37
1761886160.799057, 37
1761886160.814181, 38
1761886160.828517, 38
1761886160.842997, 37
1761886160.857453, 36
1761886160.871931, 36
1761886160.886511, 38
1761886160.900449, 36
1761886160.915002, 37
1761886160.929396, 37
1761886160.944309, 38
1761886160.958388, 37
1761886160.973440, 38
1761886160.987854, 37
1761886161.002579, 36
1761886161.017413, 38
1761886161.032270, 38
1761886161.046791, 38
1761886161.061302, 38
1761886161.075981, 38
1761886161.090532, 38
1761886161.105142, 37
1761886161.119405, 38
1761886161.133516, 38
1761886161.149655, 38
1761886161.164012, 38
1761886161.178575, 39
1761886161.192890, 38
1761886161.207247, 38
1761886161.221448, 39
1761886161.235881, 39
1761886161.250184, 39
1761886161.264572, 38
1761886161.278694, 38
1761886161.293215, 39
1761886161.308195, 40
1761886161.322523, 39
1761886161.336920, 39
1761886161.351403, 40
1761886161.365607, 40
1761886161.380313, 40
1761886161.394630, 40
1761886161.408811, 40
1761886161.423331, 41
1761886161.438449, 40
1761886161.453078, 39
1761886161.467580, 39
1761886161.482279, 39
1761886161.496898, 40
1761886161.511544, 40
1761886161.525861, 40
1761886161.541312, 41
1761886161.555942, 41
1761886161.570447, 42
1761886161.585081, 42
1761886161.599967, 41
1761886161.614298, 40
1761886161.628845, 40
1761886161.643492, 41
1761886161.657851, 41
1761886161.671971, 40
1761886161.686334, 41
1761886161.700979, 40
1761886161.715295, 40
1761886161.730193, 42
1761886161.744942, 41
1761886161.759757, 41
1761886161.774554, 42
1761886161.789513, 42
1761886161.803827, 42
1761886161.818463, 42
1761886161.832778, 41
1761886161.847276, 41
1761886161.861825, 41
1761886161.876342, 42
1761886161.891031, 41
1761886161.905580, 41
1761886161.920323, 41
1761886161.935052, 42
1761886161.949772, 42
1761886161.964630, 42
1761886161.979239, 42
1761886161.993674, 43
1761886162.007934, 43
1761886162.022308, 43
1761886162.036976, 43
1761886162.051284, 43
1761886162.065586, 43
1761886162.080009, 43
1761886162.095157, 41
1761886162.109425, 42
1761886162.124277, 42
1761886162.138974, 42
1761886162.153455, 43
1761886162.167866, 43
1761886162.182491, 43
1761886162.196987, 43
1761886162.211615, 43
1761886162.226071, 43
1761886162.241130, 43
1761886162.255492, 43
1761886162.269849, 44
1761886162.284517, 43
1761886162.299046, 44
1761886162.313823, 44
1761886162.327826, 44
1761886162.342766, 44
1761886162.357091, 43
1761886162.371585, 43
1761886162.386328, 44
1761886162.400771, 44
1761886162.415519, 45
1761886162.429836, 45
1761886162.444745, 44
1761886162.459374, 44
1761886162.473818, 45
1761886162.489076, 45
1761886162.504179, 45
1761886162.518375, 45
1761886162.532802, 45
1761886162.546875, 44
1761886162.561356, 44
1761886162.575422, 45
1761886162.590225, 44
1761886162.605049, 44
1761886162.619620, 45
1761886162.634614, 45
1761886162.649051, 45
1761886162.663359, 45
1761886162.678195, 45
1761886162.693037, 45
1761886162.707570, 45
1761886162.721812, 46
1761886162.736669, 45
1761886162.751639, 45
1761886162.765918, 46
1761886162.781037, 45
1761886162.795303, 45
1761886162.809451, 46
1761886162.823707, 46
1761886162.838404, 46
1761886162.853068, 45
1761886162.867181, 46
1761886162.881620, 46
1761886162.895793, 45
1761886162.910501, 46
1761886162.925310, 48
1761886162.939997, 47
1761886162.954670, 47
1761886162.969526, 48
1761886162.984108, 48
1761886162.998611, 48
1761886163.013192, 47
1761886163.028322, 48
1761886163.043350, 47
1761886163.057909, 47
1761886163.072332, 47
1761886163.086487, 47
1761886163.100770, 46
1761886163.115832, 46
1761886163.130088, 48
1761886163.144451, 47
1761886163.159014, 47
1761886163.173488, 47
1761886163.187815, 48
1761886163.202425, 47
1761886163.217059, 47
1761886163.231414, 48
1761886163.245724, 46
1761886163.260000, 47
1761886163.274278, 47
1761886163.288740, 47
1761886163.303308, 47
1761886163.317592, 47
1761886163.332072, 48
1761886163.347217, 47
1761886163.361314, 47
1761886163.375784, 47
1761886163.390986, 48
1761886163.405122, 49
1761886163.419745, 48
1761886163.434288, 50
1761886163.448971, 48
1761886163.463281, 48
1761886163.477634, 48
1761886163.493262, 48
1761886163.507540, 48
1761886163.522108, 49
1761886163.536652, 50
1761886163.551443, 48
1761886163.565845, 49
1761886163.581107, 48
1761886163.595508, 48
1761886163.609950, 48
1761886163.624411, 49
1761886163.638979, 49
1761886163.654122, 48
1761886163.669138, 49
1761886163.683219, 49
1761886163.697480, 49
1761886163.711985, 49
1761886163.726240, 49
1761886163.740674, 50
1761886163.755303, 48
1761886163.770176, 48
1761886163.785422, 48
1761886163.799738, 49
1761886163.814157, 48
1761886163.829033, 50
1761886163.843537, 50
1761886163.857947, 49
1761886163.873449, 49
1761886163.887579, 49
1761886163.901963, 49
1761886163.916596, 49
1761886163.930946, 50
1761886163.945846, 48
1761886163.960033, 48
1761886163.974144, 49
1761886163.988237, 49
1761886164.002741, 48
1761886164.017481, 49
1761886164.031850, 50
1761886164.046379, 49
1761886164.061082, 49
1761886164.075333, 48
1761886164.089771, 48
1761886164.104506, 48
1761886164.118781, 48
1761886164.133150, 49
1761886164.147922, 48
1761886164.162181, 48
1761886164.176825, 48
1761886164.191383, 40
1761886164.205778, 37
1761886164.220568, 31
1761886164.235047, 25
1761886164.249675, 22
1761886164.264068, 23
1761886164.278386, 24
1761886164.292615, 22
1761886164.307006, 22
1761886164.321490, 23
1761886164.335677, 23
1761886164.350445, 23
1761886164.365012, 23
1761886164.379262, 24
1761886164.393622, 23
1761886164.407917, 23
1761886164.422582, 22
1761886164.436880, 25
1761886164.451459, 25
1761886164.466182, 25
1761886164.480536, 26
1761886164.494783, 25
1761886164.509170, 24
1761886164.523430, 25
1761886164.537778, 26
1761886164.552907, 25
1761886164.567310, 26
1761886164.581957, 25
1761886164.596157, 24
1761886164.610431, 24
1761886164.625694, 24
1761886164.640115, 25
1761886164.654800, 26
1761886164.668906, 26
1761886164.683567, 25
1761886164.698493, 25
1761886164.712940, 26
1761886164.727498, 25
1761886164.742232, 26
1761886164.756980, 26
1761886164.771314, 26
1761886164.785934, 26
1761886164.800295, 25
1761886164.814576, 25
1761886164.828999, 25
1761886164.843614, 26
1761886164.858497, 26
1761886164.873227, 28
1761886164.887831, 28
1761886164.902286, 27
1761886164.916485, 26
1761886164.930716, 25
1761886164.945548, 28
1761886164.959969, 27
1761886164.973952, 28
1761886164.988788, 28
1761886165.003321, 26
1761886165.017581, 26
1761886165.031708, 28
1761886165.046255, 29
1761886165.060861, 28
1761886165.075146, 28
1761886165.089546, 29
1761886165.103880, 28
1761886165.118533, 28
1761886165.132756, 28
1761886165.147361, 29
1761886165.162205, 29
1761886165.176493, 29
1761886165.191017, 30
1761886165.205265, 29
1761886165.220083, 29
1761886165.234330, 28
1761886165.249339, 29
1761886165.263945, 28
1761886165.278146, 29
1761886165.293086, 29
1761886165.307332, 28
1761886165.322471, 29
1761886165.337492, 29
1761886165.351911, 30
1761886165.366132, 31
1761886165.380630, 30
1761886165.394947, 30
1761886165.409267, 29
1761886165.424170, 29
1761886165.438662, 30
1761886165.454094, 30
1761886165.468700, 30
1761886165.483089, 30
1761886165.498071, 30
1761886165.512693, 29
1761886165.526984, 29
1761886165.541847, 30
1761886165.556114, 30
1761886165.570613, 30
1761886165.584979, 30
1761886165.599747, 30
1761886165.613805, 30
1761886165.628532, 30
1761886165.643057, 31
1761886165.657740, 31
1761886165.672467, 31
1761886165.687341, 32
1761886165.702901, 31
1761886165.718162, 30
1761886165.732965, 31
1761886165.747416, 32
1761886165.761766, 32
1761886165.776573, 32
1761886165.791490, 32
1761886165.805712, 32
1761886165.820099, 32
1761886165.834666, 32
1761886165.849305, 32
1761886165.864067, 33
1761886165.878675, 33
1761886165.893062, 34
1761886165.907569, 34
1761886165.922171, 33
1761886165.936648, 33
1761886165.951431, 34
1761886165.965860, 33
1761886165.980140, 33
1761886165.994654, 33
1761886166.008739, 34
1761886166.023171, 32
1761886166.037660, 33
1761886166.052341, 33
1761886166.066542, 33
1761886166.081289, 34
1761886166.095785, 34
1761886166.110543, 33
1761886166.125030, 33
1761886166.139576, 33
1761886166.153883, 34
1761886166.167872, 35
1761886166.182630, 35
1761886166.197110, 34
1761886166.211669, 36
1761886166.226218, 34
1761886166.240584, 34
1761886166.255355, 34
1761886166.270021, 36
1761886166.285518, 36
1761886166.299676, 35
1761886166.314187, 35
1761886166.328775, 34
1761886166.343210, 33
1761886166.357615, 35
1761886166.371992, 36
1761886166.386281, 36
1761886166.401266, 36
1761886166.415521, 36
1761886166.430374, 34
1761886166.444983, 35
1761886166.460375, 35
1761886166.475135, 36
1761886166.490072, 36
1761886166.505340, 36
1761886166.520344, 37
1761886166.535143, 35
1761886166.549861, 36
1761886166.564903, 36
1761886166.579255, 37
1761886166.593868, 37
1761886166.608400, 37
1761886166.623233, 37
1761886166.637527, 36
1761886166.651825, 37
1761886166.666298, 37
1761886166.680970, 36
1761886166.695488, 37
1761886166.709898, 36
1761886166.724537, 37
1761886166.739133, 36
1761886166.753691, 38
1761886166.768195, 38
1761886166.782592, 37
1761886166.797038, 39
1761886166.811306, 39
1761886166.826082, 39
1761886166.840522, 36
1761886166.854653, 38
1761886166.869005, 39
1761886166.883272, 39
1761886166.897467, 37
1761886166.911930, 38
1761886166.926350, 38
1761886166.940526, 37
1761886166.954982, 37
1761886166.969418, 38
1761886166.983920, 38
1761886166.998380, 38
1761886167.013005, 38
1761886167.027591, 38
1761886167.042141, 37
1761886167.056373, 38
1761886167.071245, 38
1761886167.086097, 38
1761886167.100883, 38
1761886167.115983, 39
1761886167.130237, 40
1761886167.145074, 39
1761886167.159500, 40
1761886167.174368, 40
1761886167.189496, 39
1761886167.203804, 40
1761886167.218520, 39
1761886167.233624, 40
1761886167.248012, 38
1761886167.262679, 39
1761886167.277128, 39
1761886167.291379, 40
1761886167.306067, 40
1761886167.321060, 40
1761886167.335504, 39
1761886167.349851, 39
1761886167.364993, 39
1761886167.379177, 40
1761886167.393856, 41
1761886167.408642, 41
1761886167.423189, 40
1761886167.437738, 40
1761886167.452312, 41
1761886167.466595, 42
1761886167.481056, 42
1761886167.496390, 41
1761886167.510934, 40
1761886167.525483, 41
1761886167.539840, 41
1761886167.554640, 40
1761886167.569186, 40
1761886167.583717, 40
1761886167.598168, 40
1761886167.612540, 41
1761886167.627789, 41
1761886167.642691, 42
1761886167.658597, 42
1761886167.673224, 42
1761886167.687924, 42
1761886167.702414, 42
1761886167.717119, 42
1761886167.731453, 42
1761886167.745695, 42
1761886167.759937, 42
1761886167.773990, 42
1761886167.788528, 41
1761886167.803010, 42
1761886167.818294, 41
1761886167.832856, 43
1761886167.847005, 43
1761886167.861708, 43
1761886167.876315, 44
1761886167.890733, 44
1761886167.904950, 43
1761886167.919559, 43
1761886167.934372, 43
1761886167.948653, 42
1761886167.963429, 42
1761886167.978461, 42
1761886167.992863, 42
1761886168.007461, 42
1761886168.021829, 43
1761886168.036463, 42
1761886168.051080, 43
1761886168.065426, 44
1761886168.079853, 44
1761886168.094570, 45
1761886168.109100, 45
1761886168.123987, 44
1761886168.138545, 44
1761886168.153288, 44
1761886168.167660, 44
1761886168.182650, 44
1761886168.197110, 42
1761886168.211800, 43
1761886168.226139, 44
1761886168.240572, 43
1761886168.255025, 45
1761886168.269186, 45
1761886168.283879, 45
1761886168.298274, 45
1761886168.313015, 43
1761886168.327569, 44
1761886168.342084, 45
1761886168.356786, 44
1761886168.371253, 44
1761886168.385762, 44
1761886168.400931, 44
1761886168.416061, 44
1761886168.430123, 44
1761886168.444824, 45
1761886168.459404, 45
1761886168.474270, 45
1761886168.488793, 44
1761886168.504129, 44
1761886168.519353, 45
1761886168.534581, 45
1761886168.549072, 46
1761886168.563791, 47
1761886168.577944, 45
1761886168.592146, 46
1761886168.606869, 47
1761886168.621277, 47
1761886168.635459, 45
1761886168.650195, 45
1761886168.664633, 46
1761886168.678722, 46
1761886168.693394, 45
1761886168.707812, 45
1761886168.722236, 46
1761886168.736332, 45
1761886168.751158, 46
1761886168.765845, 47
1761886168.779959, 46
1761886168.794792, 46
1761886168.809350, 46
1761886168.823967, 46
1761886168.838408, 46
1761886168.852980, 46
1761886168.867521, 48
1761886168.882183, 46
1761886168.897253, 46
1761886168.911706, 47
1761886168.926047, 46
1761886168.940686, 46
1761886168.955604, 46
1761886168.969937, 47
1761886168.984844, 46
1761886168.999331, 46
1761886169.013953, 47
1761886169.028128, 47
1761886169.042771, 48
1761886169.057390, 47
1761886169.071918, 48
1761886169.086514, 47
1761886169.101416, 47
1761886169.116092, 47
1761886169.130294, 47
1761886169.145905, 47
1761886169.160330, 47
1761886169.175061, 48
1761886169.189843, 47
1761886169.204843, 47
1761886169.218832, 47
1761886169.233387, 47
1761886169.247660, 47
1761886169.262270, 48
1761886169.276704, 48
1761886169.291049, 49
1761886169.305360, 49
1761886169.320140, 49
1761886169.334516, 50
1761886169.348894, 50
1761886169.363659, 49
1761886169.378548, 49
1761886169.393147, 48
1761886169.407483, 48
1761886169.422308, 47
1761886169.436661, 48
1761886169.451500, 47
1761886169.466427, 47
1761886169.480852, 48
1761886169.495243, 48
1761886169.509520, 49
1761886169.524014, 50
1761886169.538363, 50
1761886169.552788, 49
1761886169.567342, 49
1761886169.581808, 50
1761886169.595956, 49
1761886169.610069, 49
1761886169.624682, 48
1761886169.638797, 49
1761886169.653489, 48
1761886169.668261, 48
1761886169.683211, 49
1761886169.698209, 48
1761886169.712631, 48
1761886169.727168, 47
1761886169.741782, 48
1761886169.756262, 48
1761886169.771213, 49
1761886169.786087, 48
1761886169.800476, 48
1761886169.814724, 48
1761886169.829152, 43
1761886169.843321, 38
1761886169.858228, 30
1761886169.872982, 26
1761886169.887381, 21
1761886169.902174, 22
1761886169.916682, 22
1761886169.931121, 22
1761886169.945525, 21
1761886169.960873, 21
1761886169.975591, 22
1761886169.990161, 22
1761886170.004644, 23
1761886170.019038, 23
1761886170.033297, 23
1761886170.047521, 23
1761886170.062459, 23
1761886170.076975, 24
1761886170.091367, 23
1761886170.105899, 24
1761886170.120061, 23
1761886170.135234, 23
1761886170.150042, 23
1761886170.164683, 22
1761886170.179126, 23
1761886170.193755, 25
1761886170.208390, 24
1761886170.222845, 25
1761886170.237434, 22
1761886170.252174, 24
1761886170.266791, 25
1761886170.281331, 26
1761886170.295646, 26
1761886170.310304, 26
1761886170.324698, 25
1761886170.339093, 23
1761886170.354042, 24
1761886170.368133, 24
1761886170.383053, 25
1761886170.397722, 25
1761886170.411852, 25
1761886170.426368, 26
1761886170.440493, 26
1761886170.454698, 24
1761886170.469744, 25
1761886170.484602, 27
1761886170.499436, 27
1761886170.514019, 26
1761886170.528809, 27
1761886170.543413, 25
1761886170.558390, 25
1761886170.573181, 26
1761886170.587648, 27
1761886170.602232, 27
1761886170.616534, 26
1761886170.630944, 26
1761886170.645688, 26
1761886170.659872, 27
1761886170.674492, 26
1761886170.688892, 27
1761886170.703608, 27
1761886170.718068, 27
1761886170.732953, 27
1761886170.748453, 27
1761886170.762921, 26
1761886170.777259, 26
1761886170.791836, 28
1761886170.806326, 28
1761886170.820869, 28
1761886170.835963, 29
1761886170.850829, 28
1761886170.865762, 27
1761886170.880498, 29
1761886170.894844, 29
1761886170.909213, 30
1761886170.923507, 30
1761886170.938082, 30
1761886170.953173, 29
1761886170.967630, 30
1761886170.982110, 30
1761886170.997322, 29
1761886171.011858, 29
1761886171.026245, 31
1761886171.041240, 30
1761886171.055685, 29
1761886171.069904, 30
1761886171.085788, 31
1761886171.100270, 30
1761886171.115449, 29
1761886171.130068, 29
1761886171.144647, 30
1761886171.159053, 29
1761886171.173520, 29
1761886171.188495, 30
1761886171.203001, 31
1761886171.217425, 30
1761886171.232051, 30
1761886171.246670, 30
1761886171.261245, 29
1761886171.275771, 30
1761886171.290392, 32
1761886171.304840, 32
1761886171.319412, 32
1761886171.334174, 32
1761886171.349206, 33
1761886171.363594, 31
1761886171.377932, 30
1761886171.392849, 31
1761886171.407505, 32
1761886171.422120, 33
1761886171.436602, 32
1761886171.451155, 32
1761886171.465951, 32
1761886171.480611, 31
1761886171.495157, 33
1761886171.509964, 33
1761886171.524544, 32
1761886171.539247, 33
1761886171.554147, 33
1761886171.568265, 32
1761886171.583138, 32
1761886171.597503, 33
1761886171.611775, 33
1761886171.626261, 32
1761886171.640760, 32
1761886171.654898, 32
1761886171.669789, 33
1761886171.684125, 33
1761886171.698426, 33
1761886171.712996, 33
1761886171.727582, 35
1761886171.742084, 34
1761886171.756798, 34
1761886171.771641, 33
1761886171.785835, 34
1761886171.800274, 34
1761886171.815049, 34
1761886171.829825, 34
1761886171.844879, 34
1761886171.859355, 34
1761886171.874074, 34
1761886171.888871, 34
1761886171.903538, 35
1761886171.917746, 35
1761886171.932103, 35
1761886171.946479, 34
1761886171.960992, 35
1761886171.975497, 34
1761886171.990241, 36
1761886172.004492, 36
1761886172.019510, 36
1761886172.034207, 35
1761886172.048887, 35
1761886172.063291, 35
1761886172.077800, 34
1761886172.092145, 35
1761886172.106786, 35
1761886172.120945, 35
1761886172.135628, 35
1761886172.150100, 35
1761886172.164768, 35
1761886172.179315, 34
1761886172.193804, 35
1761886172.208150, 35
1761886172.222722, 35
1761886172.236809, 35
1761886172.251711, 35
1761886172.266008, 37
1761886172.280599, 35
1761886172.295094, 36
1761886172.309462, 38
1761886172.324196, 37
1761886172.340005, 38
1761886172.354769, 36
1761886172.369078, 37
1761886172.384031, 36
1761886172.398700, 37
1761886172.413017, 37
1761886172.427283, 37
1761886172.441993, 37
1761886172.457240, 37
1761886172.472008, 36
1761886172.486304, 36
1761886172.500716, 38
1761886172.515268, 38
1761886172.529619, 38
1761886172.543806, 37
1761886172.558520, 38
1761886172.573213, 38
1761886172.587949, 38
1761886172.602561, 39
1761886172.616993, 39
1761886172.631566, 39
1761886172.645775, 38
1761886172.659995, 38
1761886172.674953, 38
1761886172.689123, 38
1761886172.703610, 39
1761886172.717733, 39
1761886172.732112, 39
1761886172.746550, 39
1761886172.761285, 39
1761886172.775887, 39
1761886172.790519, 38
1761886172.804762, 39
1761886172.819189, 39
1761886172.834150, 39
1761886172.848422, 40
1761886172.863001, 40
1761886172.877352, 39
1761886172.891810, 39
1761886172.906871, 40
1761886172.921609, 40
1761886172.936078, 40
1761886172.950892, 40
1761886172.965301, 39
1761886172.979704, 39
1761886172.994137, 39
1761886173.008821, 40
1761886173.023198, 40
1761886173.037336, 40
1761886173.052012, 40
1761886173.066487, 40
1761886173.081116, 40
1761886173.095322, 40
1761886173.110119, 40
1761886173.124551, 42
1761886173.139002, 42
1761886173.153668, 42
1761886173.167801, 41
1761886173.182154, 41
1761886173.197264, 39
1761886173.212213, 40
1761886173.226653, 41
1761886173.240775, 40
1761886173.255451, 41
1761886173.270459, 41
1761886173.285048, 42
1761886173.299663, 41
1761886173.314422, 42
1761886173.329086, 41
1761886173.343416, 43
1761886173.358006, 43
1761886173.372865, 42
1761886173.387202, 41
1761886173.401240, 41
1761886173.415574, 41
1761886173.429963, 41
1761886173.444757, 41
1761886173.459522, 41
1761886173.474183, 42
1761886173.489002, 42
1761886173.503211, 43
1761886173.517864, 42
1761886173.532863, 43
1761886173.547126, 42
1761886173.561432, 43
1761886173.575455, 42
1761886173.589791, 42
1761886173.604319, 42
1761886173.618831, 42
1761886173.633989, 42
1761886173.648664, 42
1761886173.663227, 42
1761886173.677468, 42
1761886173.691812, 42
1761886173.706414, 42
1761886173.720881, 42
1761886173.735473, 42
1761886173.750039, 42
1761886173.764648, 42
1761886173.779095, 43
1761886173.793310, 44
1761886173.808096, 44
1761886173.822271, 45
1761886173.836991, 44
1761886173.851051, 45
1761886173.866154, 45
1761886173.880759, 44
1761886173.896026, 44
1761886173.910392, 43
1761886173.925444, 44
1761886173.940192, 43
1761886173.954488, 44
1761886173.969127, 43
1761886173.983616, 44
1761886173.998059, 44
1761886174.012915, 45
1761886174.027820, 45
1761886174.042694, 46
1761886174.057002, 46
1761886174.071648, 46
1761886174.086463, 46
1761886174.100830, 45
1761886174.115758, 44
1761886174.130110, 44
1761886174.144486, 45
1761886174.158992, 45
1761886174.173091, 44
1761886174.187614, 44
1761886174.202435, 46
1761886174.217152, 46
1761886174.231654, 46
1761886174.245787, 46
1761886174.260834, 46
1761886174.275206, 46
1761886174.289512, 45
1761886174.303944, 45
1761886174.318332, 45
1761886174.332546, 45
1761886174.347019, 45
1761886174.361472, 46
1761886174.376173, 45
1761886174.391199, 45
1761886174.405661, 46
1761886174.419910, 45
1761886174.434137, 46
1761886174.448311, 46
1761886174.462827, 45
1761886174.477545, 47
1761886174.492142, 46
1761886174.506327, 46
1761886174.520707, 46
1761886174.534980, 46
1761886174.549100, 47
1761886174.563727, 46
1761886174.578930, 45
1761886174.593675, 45
1761886174.608000, 46
1761886174.622797, 47
1761886174.637586, 46
1761886174.652249, 46
1761886174.666594, 46
1761886174.681319, 46
1761886174.695814, 46
1761886174.710685, 46
1761886174.725476, 47
1761886174.740173, 47
1761886174.754230, 47
1761886174.769064, 47
1761886174.783834, 48
1761886174.798843, 48
1761886174.813591, 49
1761886174.828939, 48
1761886174.843432, 49
1761886174.858044, 48
1761886174.872535, 47
1761886174.886931, 48
1761886174.901700, 48
1761886174.917060, 49
1761886174.931559, 47
1761886174.946059, 47
1761886174.960379, 48
1761886174.974803, 48
1761886174.989095, 48
1761886175.004023, 48
1761886175.018279, 49
1761886175.033069, 48
1761886175.047375, 48
1761886175.062243, 48
1761886175.076440, 48
1761886175.090836, 48
1761886175.105236, 49
1761886175.119631, 50
1761886175.134193, 48
1761886175.148310, 48
1761886175.162490, 48
1761886175.177574, 48
1761886175.191957, 48
1761886175.206209, 48
1761886175.220814, 49
1761886175.235543, 49
1761886175.250138, 48
1761886175.264603, 48
1761886175.279037, 48
1761886175.293354, 48
1761886175.307607, 48
1761886175.322051, 49
1761886175.336779, 48
1761886175.351364, 48
1761886175.366468, 48
1761886175.381043, 47
1761886175.395177, 48
1761886175.409575, 48
1761886175.423928, 48
1761886175.438427, 48
1761886175.453088, 48
1761886175.467457, 47
1761886175.482166, 44
1761886175.496570, 38
1761886175.510639, 31
1761886175.524915, 26
1761886175.539763, 21
1761886175.554057, 21
1761886175.568540, 21
1761886175.583186, 21
1761886175.597654, 21
1761886175.611817, 22
1761886175.626446, 22
1761886175.640856, 22
1761886175.655542, 22
1761886175.670249, 22
1761886175.684875, 22
1761886175.699275, 22
1761886175.713936, 22
1761886175.729023, 23
1761886175.743951, 23
1761886175.758637, 23
1761886175.773222, 23
1761886175.787769, 23
1761886175.802400, 23
1761886175.817058, 22
1761886175.831760, 24
1761886175.847115, 24
1761886175.861931, 24
1761886175.876549, 24
1761886175.891685, 23
1761886175.906160, 23
1761886175.920232, 24
1761886175.934507, 24
1761886175.948978, 24
1761886175.963650, 24
1761886175.977782, 23
1761886175.992126, 25
1761886176.006458, 25
1761886176.020859, 26
1761886176.035132, 26
1761886176.049511, 26
1761886176.064142, 26
1761886176.078529, 25
1761886176.092849, 25
1761886176.107172, 25
1761886176.121694, 26
1761886176.136452, 26
1761886176.151144, 26
1761886176.165749, 27
1761886176.180464, 26
1761886176.195524, 25
1761886176.210925, 27
1761886176.225259, 27
1761886176.239769, 27
1761886176.254332, 27
1761886176.269006, 27
1761886176.283864, 25
1761886176.298764, 26
1761886176.313236, 27
1761886176.328310, 27
1761886176.342625, 27
1761886176.356951, 28
1761886176.371233, 28
1761886176.385736, 28
1761886176.400201, 27
1761886176.415000, 27
1761886176.429808, 27
1761886176.444247, 27
1761886176.458611, 29
1761886176.472790, 29
1761886176.487238, 29
1761886176.501432, 27
1761886176.516437, 28
1761886176.530997, 29
1761886176.545545, 29
1761886176.560805, 28
1761886176.575396, 28
1761886176.589628, 30
1761886176.603977, 29
1761886176.618072, 29
1761886176.632884, 30
1761886176.647711, 31
1761886176.661911, 30
1761886176.676957, 29
1761886176.691347, 30
1761886176.705635, 29
1761886176.720628, 29
1761886176.734986, 31
1761886176.749421, 31
1761886176.764087, 30
1761886176.778544, 29
1761886176.793632, 31
1761886176.808374, 30
1761886176.823699, 29
1761886176.838273, 30
1761886176.852941, 30
1761886176.867326, 31
1761886176.881789, 30
1761886176.896114, 30
1761886176.910190, 30
1761886176.924380, 29
1761886176.938837, 30
1761886176.953174, 30
1761886176.967752, 31
1761886176.982210, 31
1761886176.996407, 31
1761886177.010742, 30
1761886177.025136, 31
1761886177.039668, 32
1761886177.054039, 32
1761886177.068716, 33
1761886177.083289, 32
1761886177.097676, 32
1761886177.112422, 31
1761886177.126757, 31
1761886177.141495, 32
1761886177.155725, 33
1761886177.170236, 33
1761886177.184743, 33
1761886177.199352, 33
1761886177.213582, 32
1761886177.228439, 33
1761886177.243443, 32
1761886177.257807, 33
1761886177.272752, 32
1761886177.286968, 33
1761886177.301695, 33
1761886177.315989, 32
1761886177.330538, 33
1761886177.344927, 34
1761886177.359652, 35
1761886177.373790, 34
1761886177.387996, 33
1761886177.402060, 34
1761886177.417005, 33
1761886177.431517, 33
1761886177.446676, 35
1761886177.461013, 35
1761886177.475334, 34
1761886177.490029, 33
1761886177.504436, 33
1761886177.519291, 32
1761886177.533638, 34
1761886177.548090, 34
1761886177.562326, 35
1761886177.576698, 35
1761886177.591257, 34
1761886177.606358, 34
1761886177.621309, 34
1761886177.635811, 34
1761886177.650167, 34
1761886177.665260, 36
1761886177.680477, 35
1761886177.695040, 36
1761886177.709586, 34
1761886177.724492, 35
1761886177.739111, 35
1761886177.753672, 35
1761886177.768357, 36
1761886177.782693, 35
1761886177.797478, 36
1761886177.811835, 36
1761886177.826133, 35
1761886177.840308, 36
1761886177.854575, 37
1761886177.869097, 37
1761886177.883221, 36
1761886177.897814, 36
1761886177.912387, 36
1761886177.926678, 35
1761886177.941632, 37
1761886177.956764, 36
1761886177.971165, 37
1761886177.985976, 36
1761886178.000976, 36
1761886178.015305, 36
1761886178.029810, 36
1761886178.044333, 37
1761886178.058556, 37
1761886178.072873, 36
1761886178.087189, 37
1761886178.101953, 38
1761886178.116615, 38
1761886178.131247, 37
1761886178.145662, 39
1761886178.160283, 39
1761886178.175136, 38
1761886178.190281, 38
1761886178.204608, 38
1761886178.218971, 38
1761886178.233681, 37
1761886178.248219, 37
1761886178.262723, 38
1761886178.277146, 38
1761886178.291823, 38
1761886178.305983, 37
1761886178.320373, 37
1761886178.334996, 37
1761886178.349808, 38
1761886178.363902, 38
1761886178.378766, 38
1761886178.393512, 38
1761886178.408287, 38
1761886178.422861, 38
1761886178.437691, 39
1761886178.452466, 39
1761886178.467187, 39
1761886178.481938, 39
1761886178.496151, 39
1761886178.510602, 39
1761886178.525673, 40
1761886178.540277, 39
1761886178.554611, 39
1761886178.568864, 39
1761886178.583322, 39
1761886178.597697, 40
1761886178.612425, 39
1761886178.627168, 39
1761886178.641548, 39
1761886178.656098, 39
1761886178.670565, 39
1761886178.685160, 39
1761886178.700150, 40
1761886178.714733, 39
1761886178.730016, 40
1761886178.744320, 41
1761886178.759262, 40
1761886178.774360, 40
1761886178.789158, 40
1761886178.803336, 41
1761886178.818048, 41
1761886178.832554, 41
1761886178.847965, 41
1761886178.862470, 41
1761886178.877033, 41
1761886178.891610, 41
1761886178.906280, 40
1761886178.921346, 41
1761886178.936315, 41
1761886178.950655, 40
1761886178.965430, 41
1761886178.980234, 41
1761886178.995172, 41
1761886179.009853, 42
1761886179.024835, 43
1761886179.039526, 41
1761886179.054193, 42
1761886179.069613, 41
1761886179.085074, 41
1761886179.099559, 42
1761886179.114501, 41
1761886179.128573, 41
1761886179.142714, 42
1761886179.157245, 42
1761886179.171680, 42
1761886179.186302, 42
1761886179.201929, 42
1761886179.216613, 42
1761886179.231102, 43
1761886179.245839, 43
1761886179.260421, 43
1761886179.275280, 43
1761886179.290136, 43
1761886179.305553, 42
1761886179.320519, 43
1761886179.335093, 43
1761886179.349568, 42
1761886179.364416, 42
1761886179.379016, 42
1761886179.393498, 43
1761886179.408280, 43
1761886179.422717, 44
1761886179.437662, 44
1761886179.452199, 44
1761886179.466942, 43
1761886179.480979, 44
1761886179.495519, 43
1761886179.510598, 43
1761886179.525174, 43
1761886179.539649, 43
1761886179.554288, 43
1761886179.569086, 43
1761886179.584317, 44
1761886179.599344, 44
1761886179.613876, 44
1761886179.628070, 43
1761886179.642734, 44
1761886179.657387, 45
1761886179.672150, 44
1761886179.686263, 45
1761886179.701337, 44
1761886179.716394, 45
1761886179.731488, 45
1761886179.746122, 45
1761886179.760586, 45
1761886179.775230, 45
1761886179.789532, 45
1761886179.803763, 44
1761886179.818424, 45
1761886179.832750, 44
1761886179.847513, 45
1761886179.862306, 44
1761886179.876598, 45
1761886179.891226, 45
1761886179.905953, 45
1761886179.920333, 45
1761886179.935028, 45
1761886179.949360, 46
1761886179.963889, 45
1761886179.978208, 45
1761886179.992401, 45
1761886180.006894, 45
1761886180.021462, 45
1761886180.035704, 45
1761886180.050241, 46
1761886180.065186, 45
1761886180.079677, 45
1761886180.094298, 45
1761886180.108618, 45
1761886180.122972, 45
1761886180.137385, 45
1761886180.151871, 47
1761886180.166173, 46
1761886180.180509, 46
1761886180.194951, 46
1761886180.209406, 48
1761886180.223936, 48
1761886180.238470, 47
1761886180.253018, 48
1761886180.267215, 46
1761886180.281348, 46
1761886180.296187, 46
1761886180.310483, 47
1761886180.325452, 47
1761886180.340029, 47
1761886180.354885, 48
1761886180.369514, 48
1761886180.384017, 48
1761886180.398745, 48
1761886180.413620, 49
1761886180.428195, 48
1761886180.442776, 48
1761886180.457273, 49
1761886180.472227, 47
1761886180.486582, 46
1761886180.500927, 47
1761886180.515480, 48
1761886180.529930, 47
1761886180.544767, 48
1761886180.559156, 48
1761886180.573757, 47
1761886180.588115, 48
1761886180.602796, 47
1761886180.616952, 48
1761886180.631768, 49
1761886180.646159, 48
1761886180.661113, 49
1761886180.675624, 49
1761886180.689910, 49
1761886180.704716, 49
1761886180.719261, 49
1761886180.733729, 48
1761886180.747822, 48
1761886180.762252, 49
1761886180.777171, 48
1761886180.791582, 48
1761886180.806078, 48
1761886180.820848, 48
1761886180.834943, 48
1761886180.849621, 48
1761886180.864054, 49
1761886180.878264, 49
1761886180.893061, 48
1761886180.907358, 50
1761886180.922292, 50
1761886180.936869, 50
1761886180.951150, 49
1761886180.965338, 50
1761886180.980281, 48
1761886180.995011, 49
1761886181.009695, 48
1761886181.024565, 48
1761886181.039375, 49
1761886181.053452, 49
1761886181.068362, 50
1761886181.082431, 49
1761886181.097200, 48
1761886181.111755, 48
1761886181.125905, 48
1761886181.140654, 48
1761886181.155006, 47
1761886181.169638, 49
1761886181.184260, 48
1761886181.199157, 48
1761886181.213447, 45
1761886181.228386, 37
1761886181.242645, 31
1761886181.257496, 25
1761886181.272255, 22
1761886181.287245, 22
1761886181.302167, 23
1761886181.316918, 22
1761886181.331274, 22
1761886181.346147, 22
1761886181.360453, 24
1761886181.374967, 24
1761886181.389585, 24
1761886181.403709, 24
1761886181.418077, 22
1761886181.432631, 23
1761886181.447410, 22
1761886181.461842, 24
1761886181.476464, 24
1761886181.491074, 24
1761886181.505486, 25
1761886181.519931, 23
1761886181.534277, 23
1761886181.549306, 24
1761886181.563825, 23
1761886181.578459, 24
1761886181.593448, 24
1761886181.608085, 24
1761886181.622334, 23
1761886181.636630, 24
1761886181.650920, 23
1761886181.665599, 25
1761886181.680316, 25
1761886181.694366, 25
1761886181.709033, 26
1761886181.723244, 26
1761886181.737908, 24
1761886181.752448, 24
1761886181.767002, 25
1761886181.782257, 26
1761886181.797006, 26
1761886181.811406, 26
1761886181.825810, 26
1761886181.840180, 25
1761886181.855057, 24
1761886181.869676, 27
1761886181.884582, 27
1761886181.899042, 27
1761886181.913207, 27
1761886181.927636, 25
1761886181.942058, 26
1761886181.956343, 25
1761886181.970762, 26
1761886181.985106, 26
1761886181.999384, 26
1761886182.014091, 26
1761886182.028320, 26
1761886182.042630, 27
1761886182.056858, 26
1761886182.071463, 27
1761886182.086113, 28
1761886182.100858, 27
1761886182.115517, 27
1761886182.129962, 26
1761886182.144324, 27
1761886182.158749, 27
1761886182.173775, 28
1761886182.187866, 28
1761886182.202436, 29
1761886182.217454, 29
1761886182.231990, 27
1761886182.246382, 27
1761886182.261178, 28
1761886182.275604, 29
1761886182.290206, 29
1761886182.304878, 29
1761886182.319635, 29
1761886182.334091, 27
1761886182.348869, 27
1761886182.362991, 29
1761886182.377757, 30
1761886182.392117, 30
1761886182.406785, 30
1761886182.421283, 30
1761886182.436018, 29
1761886182.450736, 28
1761886182.465743, 29
1761886182.479927, 29
1761886182.494819, 30
1761886182.509071, 30
1761886182.523718, 31
1761886182.538059, 30
1761886182.552929, 29
1761886182.567403, 30
1761886182.581910, 30
1761886182.596600, 31
1761886182.610787, 30
1761886182.625609, 30
1761886182.640457, 30
1761886182.654908, 30
1761886182.669503, 31
1761886182.684187, 31
1761886182.698738, 31
1761886182.722846, 32
1761886182.737073, 31
1761886182.751721, 30
1761886182.766299, 31
1761886182.781070, 32
1761886182.795758, 33
1761886182.810095, 32
1761886182.824968, 33
1761886182.839756, 33
1761886182.854242, 32
1761886182.868789, 32
1761886182.883384, 32
1761886182.897887, 32
1761886182.912487, 32
1761886182.926790, 32
1761886182.941243, 32
1761886182.955431, 31
1761886182.969592, 32
1761886182.984429, 32
1761886182.999098, 32
1761886183.013523, 33
1761886183.027782, 33
1761886183.042105, 33
1761886183.057221, 31
1761886183.071331, 34
1761886183.085811, 34
1761886183.100171, 33
1761886183.115049, 34
1761886183.129545, 34
1761886183.144269, 34
1761886183.158324, 33
1761886183.172898, 34
1761886183.187561, 35
1761886183.202617, 34
1761886183.217582, 34
1761886183.231883, 34
1761886183.246077, 35
1761886183.261103, 33
1761886183.275558, 34
1761886183.290712, 35
1761886183.305566, 34
1761886183.320262, 35
1761886183.334755, 34
1761886183.349250, 35
1761886183.363576, 34
1761886183.378057, 35
1761886183.392892, 34
1761886183.407395, 34
1761886183.421588, 35
1761886183.435888, 35
1761886183.450924, 36
1761886183.465377, 35
1761886183.480140, 36
1761886183.494099, 37
1761886183.508334, 37
1761886183.523476, 37
1761886183.537520, 36
1761886183.552168, 36
1761886183.566454, 35
1761886183.581470, 36
1761886183.596091, 36
1761886183.610910, 36
1761886183.625810, 35
1761886183.640450, 35
1761886183.655405, 36
1761886183.669647, 36
1761886183.684900, 36
1761886183.699469, 36
1761886183.713950, 36
1761886183.728995, 36
1761886183.743466, 37
1761886183.757774, 37
1761886183.772467, 37
1761886183.786958, 37
1761886183.801642, 38
1761886183.816243, 38
1761886183.830948, 37
1761886183.845491, 37
1761886183.859917, 37
1761886183.874774, 36
1761886183.889347, 38
1761886183.903273, 38
1761886183.917385, 38
1761886183.932217, 37
1761886183.947041, 37
1761886183.961865, 37
1761886183.976300, 36
1761886183.990848, 37
1761886184.005386, 37
1761886184.020586, 37
1761886184.034843, 38
1761886184.049317, 38
1761886184.063516, 38
1761886184.078834, 38
1761886184.093240, 39
1761886184.107775, 40
1761886184.122794, 39
1761886184.137447, 38
1761886184.152309, 39
1761886184.167009, 39
1761886184.181845, 39
1761886184.196794, 40
1761886184.211215, 39
1761886184.225996, 39
1761886184.240844, 39
1761886184.255471, 39
1761886184.270357, 39
1761886184.284637, 40
1761886184.299075, 40
1761886184.313706, 39
1761886184.328660, 40
1761886184.343428, 39
1761886184.358078, 39
1761886184.372346, 39
1761886184.386884, 39
1761886184.401375, 39
1761886184.416325, 41
1761886184.430769, 41
1761886184.445232, 41
1761886184.459467, 40
1761886184.474005, 41
1761886184.488293, 40
1761886184.503214, 40
1761886184.518253, 40
1761886184.532605, 40
1761886184.546718, 41
1761886184.561147, 40
1761886184.575722, 40
1761886184.590048, 40
1761886184.604908, 40
1761886184.619654, 40
1761886184.633889, 40
1761886184.648466, 41
1761886184.663293, 40
1761886184.677642, 40
1761886184.692456, 41
1761886184.706626, 41
1761886184.720911, 41
1761886184.735224, 42
1761886184.750467, 42
1761886184.765580, 43
1761886184.779854, 40
1761886184.794117, 41
1761886184.808872, 41
1761886184.823370, 42
1761886184.837625, 42
1761886184.851631, 41
1761886184.866305, 42
1761886184.881126, 41
1761886184.895766, 41
1761886184.910292, 42
1761886184.924708, 42
1761886184.938987, 42
1761886184.952999, 43
1761886184.967750, 43
1761886184.982117, 44
1761886184.996875, 43
1761886185.011782, 43
1761886185.026540, 43
1761886185.041105, 42
1761886185.055681, 41
1761886185.070258, 42
1761886185.085103, 44
1761886185.099657, 42
1761886185.114689, 43
1761886185.128827, 43
1761886185.144054, 44
1761886185.158530, 44
1761886185.173290, 44
1761886185.187684, 44
1761886185.202175, 43
1761886185.216580, 43
1761886185.232178, 44
1761886185.246938, 44
1761886185.261402, 43
1761886185.276072, 44
1761886185.290686, 44
1761886185.305276, 44
1761886185.319560, 44
1761886185.334136, 43
1761886185.348845, 44
1761886185.363109, 44
1761886185.377627, 44
1761886185.391969, 45
1761886185.406066, 44
1761886185.420378, 44
1761886185.434464, 44
1761886185.449047, 45
1761886185.463184, 45
1761886185.477474, 45
1761886185.492090, 46
1761886185.506662, 44
1761886185.520784, 44
1761886185.535804, 44
1761886185.550465, 44
1761886185.564898, 45
1761886185.579227, 44
1761886185.594020, 44
1761886185.609402, 45
1761886185.623554, 45
1761886185.638391, 45
1761886185.652841, 45
1761886185.667241, 45
1761886185.682089, 45
1761886185.696569, 45
1761886185.711049, 45
1761886185.726155, 46
1761886185.740346, 46
1761886185.754924, 45
1761886185.768888, 46
1761886185.783392, 45
1761886185.798484, 46
1761886185.812952, 46
1761886185.827084, 45
1761886185.841310, 45
1761886185.856316, 46
1761886185.871326, 47
1761886185.885599, 47
1761886185.900156, 47
1761886185.914780, 47
1761886185.929481, 48
1761886185.943969, 48
1761886185.958289, 47
1761886185.972476, 47
1761886185.987088, 47
1761886186.001363, 46
1761886186.016013, 47
1761886186.030434, 46
1761886186.045324, 47
1761886186.059633, 46
1761886186.073962, 46
1761886186.088774, 47
1761886186.103437, 47
1761886186.117689, 48
1761886186.132064, 47
1761886186.146064, 47
1761886186.160470, 47
1761886186.174960, 47
1761886186.189757, 47
1761886186.204315, 48
1761886186.219180, 48
1761886186.233421, 48
1761886186.248104, 48
1761886186.262322, 47
1761886186.277566, 48
1761886186.292137, 47
1761886186.306454, 48
1761886186.320826, 48
1761886186.335508, 48
1761886186.349847, 47
1761886186.364376, 49
1761886186.378457, 48
1761886186.392386, 48
1761886186.406852, 48
1761886186.421217, 49
1761886186.435864, 48
1761886186.450527, 48
1761886186.464798, 48
1761886186.479230, 48
1761886186.494009, 48
1761886186.508317, 50
1761886186.522476, 49
1761886186.537352, 48
1761886186.551642, 49
1761886186.565937, 48
1761886186.581156, 49
1761886186.595729, 48
1761886186.609923, 49
1761886186.623987, 48
1761886186.638629, 49
1761886186.653153, 49
1761886186.668141, 50
1761886186.682554, 49
1761886186.696825, 50
1761886186.711211, 48
1761886186.725813, 48
1761886186.740272, 48
1761886186.754806, 48
1761886186.769397, 48
1761886186.784158, 49
1761886186.798379, 50
1761886186.813169, 50
1761886186.827573, 49
1761886186.842391, 47
1761886186.857150, 47
1761886186.871622, 47
1761886186.886057, 48
1761886186.900441, 49
1761886186.915093, 48
1761886186.929477, 48
1761886186.943917, 48
1761886186.958713, 42
1761886186.973302, 37
1761886186.987876, 31
1761886187.002284, 25
1761886187.017333, 21
1761886187.031633, 22
1761886187.046327, 22
1761886187.060865, 21
1761886187.075287, 21
1761886187.089606, 21
1761886187.104662, 23
1761886187.119312, 23
1761886187.133730, 24
1761886187.148504, 23
1761886187.162439, 23
1761886187.177081, 24
1761886187.191836, 23
1761886187.205867, 23
1761886187.220841, 24
1761886187.235223, 24
1761886187.249458, 23
1761886187.263548, 23
1761886187.278518, 23
1761886187.293137, 23
1761886187.307786, 23
1761886187.322274, 25
1761886187.336667, 25
1761886187.351584, 25
1761886187.366289, 23
1761886187.380514, 24
1761886187.395398, 24
1761886187.410363, 26
1761886187.424728, 25
1761886187.439151, 25
1761886187.454312, 24
1761886187.469175, 25
1761886187.483519, 25
1761886187.497922, 24
1761886187.512972, 26
1761886187.527470, 25
1761886187.541778, 26
1761886187.556025, 27
1761886187.570963, 26
1761886187.585385, 26
1761886187.599997, 26
1761886187.614937, 27
1761886187.629481, 27
1761886187.643689, 27
1761886187.658366, 26
1761886187.672410, 26
1761886187.686899, 25
1761886187.701855, 26
1761886187.716539, 28
1761886187.730874, 27
1761886187.745354, 26
1761886187.759657, 26
1761886187.774107, 26
1761886187.788918, 26
1761886187.803345, 26
1761886187.818178, 27
1761886187.832380, 27
1761886187.846596, 28
1761886187.860931, 27
1761886187.875749, 26
1761886187.890427, 27
1761886187.904698, 26
1761886187.919106, 27
1761886187.933887, 28
1761886187.948203, 29
1761886187.962331, 29
1761886187.976553, 28
1761886187.991124, 28
1761886188.005911, 28
1761886188.020565, 28
1761886188.035184, 29
1761886188.049831, 29
1761886188.064668, 29
1761886188.079341, 29
1761886188.093812, 30
1761886188.108536, 30
1761886188.123428, 30
1761886188.137751, 29
1761886188.152765, 31
1761886188.166892, 30
1761886188.181508, 29
1761886188.195888, 30
1761886188.210393, 30
1761886188.224959, 30
1761886188.239203, 29
1761886188.253485, 29
1761886188.267830, 30
1761886188.282245, 29
1761886188.297282, 29
1761886188.312069, 30
1761886188.326386, 30
1761886188.340816, 30
1761886188.355523, 30
1761886188.369823, 30
1761886188.384293, 29
1761886188.398391, 29
1761886188.413637, 30
1761886188.428217, 31
1761886188.442779, 31
1761886188.457837, 32
1761886188.472616, 33
1761886188.487050, 32
1761886188.501534, 30
1761886188.515975, 31
1761886188.530236, 32
1761886188.544770, 32
1761886188.559306, 33
1761886188.573539, 32
1761886188.588412, 32
1761886188.602917, 31
1761886188.617506, 32
1761886188.631882, 32
1761886188.646710, 32
1761886188.661604, 32
1761886188.676303, 32
1761886188.690875, 31
1761886188.705515, 31
1761886188.720152, 32
1761886188.735049, 33
1761886188.749668, 33
1761886188.764013, 32
1761886188.778348, 32
1761886188.792698, 32
1761886188.806770, 32
1761886188.821474, 33
1761886188.836219, 33
1761886188.850461, 34
1761886188.864806, 34
1761886188.879756, 34
1761886188.894323, 32
1761886188.909001, 34
1761886188.923793, 35
1761886188.938818, 34
1761886188.953185, 33
1761886188.968170, 34
1761886188.982780, 34
1761886188.996887, 33
1761886189.012068, 33
1761886189.026929, 34
1761886189.041239, 34
1761886189.056104, 34
1761886189.070512, 34
1761886189.085021, 34
1761886189.099832, 33
1761886189.114254, 35
1761886189.128400, 36
1761886189.142800, 36
1761886189.157188, 36
1761886189.171631, 36
1761886189.186181, 35
1761886189.200894, 34
1761886189.215296, 35
1761886189.229846, 35
1761886189.244158, 35
1761886189.258879, 35
1761886189.273733, 35
1761886189.288577, 35
1761886189.302958, 34
1761886189.317392, 35
1761886189.331674, 35
1761886189.346068, 35
1761886189.361122, 35
1761886189.375969, 35
1761886189.390642, 37
1761886189.405551, 36
1761886189.419897, 36
1761886189.434499, 37
1761886189.449202, 37
1761886189.463389, 37
1761886189.477922, 37
1761886189.492580, 37
1761886189.507413, 36
1761886189.522235, 37
1761886189.536380, 37
1761886189.551245, 37
1761886189.565642, 37
1761886189.580256, 37
1761886189.595176, 38
1761886189.609615, 37
1761886189.624157, 38
1761886189.638844, 38
1761886189.653184, 37
1761886189.667472, 38
1761886189.682176, 37
1761886189.696870, 38
1761886189.711347, 38
1761886189.726475, 38
1761886189.740957, 38
1761886189.755289, 38
1761886189.769828, 39
1761886189.784146, 39
1761886189.798774, 38
1761886189.813182, 36
1761886189.827907, 38
1761886189.842150, 38
1761886189.856314, 38
1761886189.870761, 38
1761886189.885419, 39
1761886189.899549, 39
1761886189.914366, 38
1761886189.928910, 39
1761886189.943596, 39
1761886189.958279, 39
1761886189.972784, 38
1761886189.987499, 39
1761886190.001916, 39
1761886190.016944, 38
1761886190.031311, 40
1761886190.046307, 40
1761886190.060859, 41
1761886190.075789, 40
1761886190.090600, 39
1761886190.105006, 39
1761886190.119533, 38
1761886190.134423, 40
1761886190.149280, 39
1761886190.164069, 39
1761886190.178435, 39
1761886190.193009, 40
1761886190.207391, 41
1761886190.221470, 40
1761886190.235677, 40
1761886190.250052, 41
1761886190.264032, 41
1761886190.278662, 41
1761886190.293324, 41
1761886190.308025, 41
1761886190.322575, 40
1761886190.336864, 41
1761886190.351288, 41
1761886190.365654, 39
1761886190.379831, 41
1761886190.394098, 40
1761886190.408251, 42
1761886190.422979, 42
1761886190.437640, 42
1761886190.452299, 42
1761886190.466682, 43
1761886190.481400, 43
1761886190.496026, 43
1761886190.510713, 42
1761886190.525862, 42
1761886190.540544, 42
1761886190.555124, 41
1761886190.569934, 41
1761886190.584557, 42
1761886190.599177, 41
1761886190.613654, 41
1761886190.628495, 43
1761886190.643158, 42
1761886190.657515, 42
1761886190.671721, 42
1761886190.686669, 43
1761886190.702179, 42
1761886190.717430, 42
1761886190.731958, 42
1761886190.746416, 43
1761886190.760869, 43
1761886190.775346, 43
1761886190.790482, 42
1761886190.804900, 43
1761886190.819418, 43
1761886190.833859, 42
1761886190.848528, 43
1761886190.862705, 43
1761886190.877610, 42
1761886190.891979, 42
1761886190.907160, 43
1761886190.922198, 43
1761886190.937088, 43
1761886190.951655, 44
1761886190.966103, 44
1761886190.980545, 44
1761886190.995042, 44
1761886191.009449, 44
1761886191.024011, 43
1761886191.038516, 44
1761886191.053228, 44
1761886191.067411, 43
1761886191.081902, 44
1761886191.096276, 43
1761886191.111079, 44
1761886191.125911, 44
1761886191.140531, 44
1761886191.154627, 44
1761886191.169465, 45
1761886191.183590, 45
1761886191.198047, 45
1761886191.212320, 46
1761886191.226875, 44
1761886191.242066, 45
1761886191.256794, 45
1761886191.271683, 44
1761886191.286000, 44
1761886191.300885, 44
1761886191.315632, 45
1761886191.329971, 46
1761886191.344786, 45
1761886191.359409, 46
1761886191.373814, 45
1761886191.388119, 45
1761886191.402793, 45
1761886191.417282, 45
1761886191.431935, 46
1761886191.446224, 45
1761886191.460687, 45
1761886191.475635, 45
1761886191.489969, 46
1761886191.504071, 46
1761886191.518180, 45
1761886191.533084, 47
1761886191.547276, 45
1761886191.562270, 45
1761886191.577153, 46
1761886191.592092, 45
1761886191.607078, 46
1761886191.621498, 46
1761886191.635764, 47
1761886191.650193, 47
1761886191.664312, 47
1761886191.678682, 46
1761886191.692974, 47
1761886191.707489, 46
1761886191.722375, 45
1761886191.736740, 48
1761886191.751058, 46
1761886191.765548, 46
1761886191.780278, 47
1761886191.795945, 46
1761886191.810366, 46
1761886191.825205, 46
1761886191.839648, 47
1761886191.854656, 47
1761886191.869064, 48
1761886191.883456, 48
1761886191.898268, 48
1761886191.912852, 48
1761886191.927607, 49
1761886191.942797, 48
1761886191.957944, 49
1761886191.972260, 49
1761886191.986770, 48
1761886192.000830, 47
1761886192.015627, 48
1761886192.029934, 48
1761886192.044585, 49
1761886192.060144, 47
1761886192.074697, 47
1761886192.089314, 48
1761886192.104609, 49
1761886192.119467, 48
1761886192.133825, 48
1761886192.148254, 49
1761886192.162602, 48
1761886192.176773, 48
1761886192.191186, 49
1761886192.205982, 47
1761886192.220517, 48
1761886192.234881, 48
1761886192.249444, 48
1761886192.263658, 48
1761886192.278719, 48
1761886192.293387, 48
1761886192.307890, 48
1761886192.322398, 48
1761886192.337063, 49
1761886192.351603, 48
1761886192.365862, 49
1761886192.380628, 49
1761886192.395010, 49
1761886192.409399, 49
1761886192.423938, 50
1761886192.438502, 50
1761886192.453377, 49
1761886192.468007, 48
1761886192.482572, 48
1761886192.497112, 48
1761886192.512064, 48
1761886192.527185, 48
1761886192.541773, 50
1761886192.556658, 48
1761886192.571008, 49
1761886192.585874, 48
1761886192.600130, 47
1761886192.614438, 48
1761886192.629274, 48
1761886192.643833, 48
1761886192.658360, 47
1761886192.672950, 48
1761886192.688129, 48
1761886192.702638, 44
1761886192.717599, 37
1761886192.731820, 30
1761886192.746245, 26
1761886192.760737, 21
1761886192.775634, 22
1761886192.789712, 21
1761886192.804107, 21
1761886192.818173, 21
1761886192.832444, 22
1761886192.846973, 22
1761886192.861953, 22
1761886192.876266, 22
1761886192.890550, 22
1761886192.905185, 21
1761886192.919556, 22
1761886192.934000, 22
1761886192.948443, 24
1761886192.962567, 24
1761886192.977050, 23
1761886192.991301, 24
1761886193.005517, 23
1761886193.020171, 23
1761886193.034282, 22
1761886193.048726, 23
1761886193.063411, 24
1761886193.078153, 24
1761886193.092746, 25
1761886193.107420, 24
1761886193.121628, 23
1761886193.135784, 23
1761886193.150871, 24
1761886193.165250, 24
1761886193.179885, 24
1761886193.194172, 24
1761886193.208390, 24
1761886193.222830, 24
1761886193.237329, 24
1761886193.252066, 25
1761886193.266773, 25
1761886193.281107, 26
1761886193.295941, 25
1761886193.310558, 24
1761886193.324808, 24
1761886193.339122, 25
1761886193.354083, 26
1761886193.368809, 26
1761886193.383296, 26
1761886193.397547, 27
1761886193.411815, 26
1761886193.426867, 25
1761886193.441773, 25
1761886193.456277, 27
1761886193.470557, 26
1761886193.485097, 26
1761886193.499392, 26
1761886193.513907, 26
1761886193.528594, 26
1761886193.543212, 26
1761886193.557664, 28
1761886193.572389, 27
1761886193.587410, 28
1761886193.601787, 27
1761886193.616239, 26
1761886193.630771, 26
1761886193.644715, 27
1761886193.660469, 29
1761886193.674831, 28
1761886193.689466, 29
1761886193.703946, 28
1761886193.718361, 29
1761886193.732479, 28
1761886193.747030, 29
1761886193.761619, 30
1761886193.776052, 30
1761886193.790516, 29
1761886193.804802, 28
1761886193.819481, 27
1761886193.833692, 27
1761886193.847958, 29
1761886193.862120, 28
1761886193.876645, 29
1761886193.891257, 30
1761886193.905462, 30
1761886193.919624, 28
1761886193.934113, 28
1761886193.948349, 29
1761886193.962486, 29
1761886193.976968, 29
1761886193.991504, 30
1761886194.006145, 30
1761886194.020708, 29
1761886194.035069, 30
1761886194.049736, 31
1761886194.064431, 31
1761886194.078837, 31
1761886194.093200, 31
1761886194.107985, 31
1761886194.122387, 29
1761886194.137627, 30
1761886194.151854, 31
1761886194.166279, 31
1761886194.181000, 31
1761886194.195711, 32
1761886194.210266, 32
1761886194.224825, 31
1761886194.239830, 30
1761886194.254383, 31
1761886194.269095, 32
1761886194.283601, 31
1761886194.297965, 31
1761886194.312964, 31
1761886194.328120, 31
1761886194.342508, 30
1761886194.356947, 31
1761886194.371594, 32
1761886194.386087, 33
1761886194.400744, 32
1761886194.415263, 34
1761886194.430007, 33
1761886194.444671, 32
1761886194.459035, 33
1761886194.473688, 33
1761886194.488404, 33
1761886194.502711, 33
1761886194.517125, 33
1761886194.532147, 31
1761886194.546838, 32
1761886194.561321, 34
1761886194.575586, 34
1761886194.590441, 33
1761886194.605072, 34
1761886194.620117, 33
1761886194.635169, 32
1761886194.649340, 32
1761886194.664350, 34
1761886194.679037, 33
1761886194.693364, 34
1761886194.707938, 34
1761886194.722564, 34
1761886194.737219, 33
1761886194.751650, 33
1761886194.766228, 34
1761886194.780201, 34
1761886194.794682, 34
1761886194.809133, 34
1761886194.823377, 34
1761886194.837672, 33
1761886194.852210, 34
1761886194.866389, 35
1761886194.880755, 35
1761886194.895133, 36
1761886194.909676, 36
1761886194.924275, 35
1761886194.939204, 34
1761886194.953590, 35
1761886194.968902, 36
1761886194.983630, 35
1761886194.998455, 35
1761886195.013126, 35
1761886195.028041, 35
1761886195.042565, 34
1761886195.057621, 36
1761886195.072580, 36
1761886195.086848, 36
1761886195.101955, 36
1761886195.116630, 37
1761886195.131313, 36
1761886195.146528, 35
1761886195.160841, 37
1761886195.175569, 37
1761886195.190611, 37
1761886195.205253, 37
1761886195.219970, 37
1761886195.234111, 38
1761886195.248764, 37
1761886195.263333, 36
1761886195.277496, 37
1761886195.291576, 38
1761886195.306440, 37
1761886195.320815, 37
1761886195.335273, 37
1761886195.349639, 36
1761886195.364608, 37
1761886195.379200, 38
1761886195.393869, 38
1761886195.408729, 38
1761886195.422937, 38
1761886195.437127, 38
1761886195.452044, 36
1761886195.466556, 38
1761886195.481266, 38
1761886195.495656, 38
1761886195.510209, 39
1761886195.525145, 38
1761886195.539798, 39
1761886195.554573, 37
1761886195.569249, 38
1761886195.583844, 38
1761886195.598396, 39
1761886195.612885, 38
1761886195.627106, 39
1761886195.641957, 38
1761886195.656305, 37
1761886195.671089, 38
1761886195.685377, 38
1761886195.699765, 38
1761886195.714024, 38
1761886195.728651, 38
1761886195.743157, 38
1761886195.758197, 37
1761886195.772879, 39
1761886195.787387, 39
1761886195.802073, 39
1761886195.816589, 40
1761886195.831663, 41
1761886195.846254, 41
1761886195.860680, 39
1761886195.875348, 40
1761886195.889962, 40
1761886195.904792, 40
1761886195.919194, 40
1761886195.933758, 39
1761886195.948095, 40
1761886195.962319, 40
1761886195.976963, 40
1761886195.991395, 40
1761886196.005643, 40
1761886196.020365, 40
1761886196.034966, 42
1761886196.049260, 41
1761886196.063527, 41
1761886196.078214, 41
1761886196.093068, 40
1761886196.107453, 41
1761886196.121864, 41
1761886196.136839, 41
1761886196.151179, 40
1761886196.165707, 40
1761886196.179837, 40
1761886196.193958, 42
1761886196.208637, 41
1761886196.223130, 41
1761886196.237747, 41
1761886196.252664, 43
1761886196.267643, 43
1761886196.282145, 42
1761886196.296910, 42
1761886196.311308, 41
1761886196.325689, 43
1761886196.340099, 43
1761886196.354796, 42
1761886196.368867, 41
1761886196.383452, 41
1761886196.398137, 41
1761886196.412763, 42
1761886196.427193, 42
1761886196.441689, 42
1761886196.456248, 42
1761886196.470481, 43
1761886196.485507, 43
1761886196.499976, 44
1761886196.514525, 42
1761886196.529247, 43
1761886196.543869, 42
1761886196.558172, 44
1761886196.573251, 43
1761886196.587737, 42
1761886196.602423, 42
1761886196.617535, 42
1761886196.632434, 43
1761886196.646840, 43
1761886196.661333, 44
1761886196.676091, 44
1761886196.690533, 44
1761886196.704778, 45
1761886196.719451, 44
1761886196.734138, 44
1761886196.749210, 44
1761886196.763835, 44
1761886196.778471, 44
1761886196.792835, 43
1761886196.807889, 43
1761886196.822262, 44
1761886196.837270, 43
1761886196.851736, 44
1761886196.866261, 44
1761886196.880574, 45
1761886196.895247, 45
1761886196.910213, 45
1761886196.925018, 45
1761886196.939949, 45
1761886196.955075, 44
1761886196.969525, 46
1761886196.983718, 45
1761886196.998175, 44
1761886197.013016, 45
1761886197.027884, 44
1761886197.042443, 45
1761886197.057492, 44
1761886197.072078, 45
1761886197.087128, 44
1761886197.102290, 45
1761886197.117790, 46
1761886197.132542, 46
1761886197.147043, 45
1761886197.161683, 47
1761886197.176314, 48
1761886197.191073, 46
1761886197.205534, 46
1761886197.220065, 46
1761886197.235579, 46
1761886197.250283, 46
1761886197.265101, 45
1761886197.279817, 47
1761886197.294720, 46
1761886197.309393, 46
1761886197.323956, 47
1761886197.338486, 47
1761886197.353211, 47
1761886197.367936, 47
1761886197.382369, 47
1761886197.396570, 47
1761886197.411307, 47
1761886197.426253, 46
1761886197.440671, 46
1761886197.455333, 47
1761886197.470006, 46
1761886197.484674, 46
1761886197.498834, 46
1761886197.513564, 46
1761886197.527979, 46
1761886197.542592, 46
1761886197.557225, 46
1761886197.572354, 47
1761886197.586799, 47
1761886197.600895, 48
1761886197.616373, 48
1761886197.630677, 48
1761886197.645194, 47
1761886197.660029, 48
1761886197.674712, 47
1761886197.689253, 47
1761886197.703898, 47
1761886197.718590, 46
1761886197.733225, 47
1761886197.747687, 48
1761886197.762303, 48
1761886197.776819, 48
1761886197.791345, 48
1761886197.805798, 47
1761886197.820760, 48
1761886197.834870, 47
1761886197.849812, 47
1761886197.864256, 48
1761886197.879453, 50
1761886197.894198, 49
1761886197.908953, 48
1761886197.923757, 49
1761886197.938431, 49
1761886197.952902, 49
1761886197.967685, 50
1761886197.982200, 49
1761886197.996786, 47
1761886198.011120, 47
1761886198.025418, 47
1761886198.040142, 47
1761886198.054756, 47
1761886198.069375, 47
1761886198.083824, 49
1761886198.098547, 48
1761886198.113200, 49
1761886198.128574, 48
1761886198.143248, 48
1761886198.157834, 48
1761886198.172094, 48
1761886198.186917, 49
1761886198.201610, 47
1761886198.216279, 48
1761886198.231107, 45
1761886198.245680, 39
1761886198.259892, 33
1761886198.274230, 27
1761886198.288931, 22
1761886198.303317, 21
1761886198.318082, 22
1761886198.332858, 21
1761886198.347461, 21
1761886198.361823, 21
1761886198.375901, 21
1761886198.390560, 22
1761886198.404722, 23
1761886198.420454, 23
1761886198.434814, 22
1761886198.449049, 22
1761886198.463916, 21
1761886198.478479, 22
1761886198.493018, 24
1761886198.507676, 23
1761886198.522221, 23
1761886198.536757, 23
1761886198.551452, 22
1761886198.565669, 22
1761886198.580395, 22
1761886198.594645, 24
1761886198.609138, 25
1761886198.623504, 25
1761886198.637775, 23
1761886198.651914, 23
1761886198.666343, 23
1761886198.680776, 24
1761886198.695814, 24
1761886198.710379, 24
1761886198.725374, 24
1761886198.740168, 24
1761886198.754930, 24
1761886198.769562, 24
1761886198.784850, 26
1761886198.799483, 25
1761886198.813984, 24
1761886198.828449, 25
1761886198.842896, 24
1761886198.857575, 24
1761886198.872327, 24
1761886198.886324, 25
1761886198.901195, 26
1761886198.916042, 27
1761886198.931179, 26
1761886198.946004, 25
1761886198.960725, 26
1761886198.975103, 25
1761886198.989529, 26
1761886199.003899, 26
1761886199.018659, 27
1761886199.033609, 27
1761886199.048825, 26
1761886199.063729, 26
1761886199.078072, 26
1761886199.092694, 26
1761886199.107010, 28
1761886199.121790, 28
1761886199.136284, 28
1761886199.150918, 27
1761886199.165268, 27
1761886199.180354, 26
1761886199.194967, 26
1761886199.209843, 27
1761886199.224382, 27
1761886199.238704, 28
1761886199.252820, 27
1761886199.267612, 27
1761886199.282348, 28
1761886199.296629, 28
1761886199.310952, 28
1761886199.326026, 29
1761886199.340717, 28
1761886199.354922, 27
1761886199.369223, 27
1761886199.383981, 29
1761886199.398707, 30
1761886199.413000, 30
1761886199.427423, 30
1761886199.442185, 30
1761886199.456951, 29
1761886199.471538, 29
1761886199.486009, 28
1761886199.500335, 30
1761886199.514631, 30
1761886199.528799, 30
1761886199.543457, 31
1761886199.558225, 30
1761886199.572594, 29
1761886199.586943, 28
1761886199.601587, 29
1761886199.616232, 30
1761886199.630969, 30
1761886199.645491, 30
1761886199.659731, 29
1761886199.674916, 29
1761886199.689874, 30
1761886199.704579, 31
1761886199.719036, 31
1761886199.734091, 30
1761886199.749605, 31
1761886199.764580, 30
1761886199.778869, 30
1761886199.793458, 31
1761886199.808265, 31
1761886199.822638, 32
1761886199.836809, 32
1761886199.851004, 31
1761886199.865357, 30
1761886199.879721, 31
1761886199.894750, 32
1761886199.909434, 32
1761886199.924128, 32
1761886199.938097, 32
1761886199.952945, 32
1761886199.967270, 31
1761886199.981821, 31
1761886199.996417, 33
1761886200.010603, 32
1761886200.025126, 32
1761886200.039340, 32
1761886200.053765, 32
1761886200.069097, 32
1761886200.083668, 31
1761886200.097979, 32
1761886200.112136, 32
1761886200.126608, 32
1761886200.140972, 33
1761886200.155707, 33
1761886200.169910, 32
1761886200.184082, 33
1761886200.198424, 34
1761886200.213424, 34
1761886200.227900, 34
1761886200.242491, 34
1761886200.257281, 35
1761886200.271572, 32
1761886200.286216, 32
1761886200.300935, 33
1761886200.315596, 33
1761886200.330460, 33
1761886200.344933, 34
1761886200.359266, 34
1761886200.373778, 33
1761886200.388202, 33
1761886200.403216, 34
1761886200.417657, 34
1761886200.431985, 34
1761886200.446309, 34
1761886200.460552, 35
1761886200.475372, 34
1761886200.489970, 34
1761886200.504634, 35
1761886200.518671, 36
1761886200.533332, 36
1761886200.547759, 35
1761886200.561918, 35
1761886200.576307, 35
1761886200.590928, 34
1761886200.605283, 35
1761886200.619863, 35
1761886200.634404, 35
1761886200.648670, 36
1761886200.663005, 36
1761886200.677540, 35
1761886200.692359, 34
1761886200.707747, 36
1761886200.722227, 35
1761886200.736516, 36
1761886200.750765, 36
1761886200.765560, 36
1761886200.780506, 36
1761886200.795034, 37
1761886200.809805, 38
1761886200.824852, 37
1761886200.839009, 38
1761886200.853605, 37
1761886200.868368, 37
1761886200.883164, 37
1761886200.897552, 37
1761886200.912041, 36
1761886200.926225, 36
1761886200.940558, 37
1761886200.954965, 37
1761886200.969133, 37
1761886200.983405, 37
1761886200.998043, 36
1761886201.012209, 37
1761886201.027052, 37
1761886201.041365, 38
1761886201.055702, 38
1761886201.070460, 38
1761886201.085091, 38
1761886201.099464, 38
1761886201.114431, 38
1761886201.128798, 38
1761886201.143171, 38
1761886201.157971, 38
1761886201.172603, 39
1761886201.187119, 39
1761886201.201571, 39
1761886201.216057, 39
1761886201.230806, 38
1761886201.245028, 39
1761886201.260404, 39
1761886201.275337, 38
1761886201.289548, 39
1761886201.303957, 39
1761886201.318402, 38
1761886201.332536, 40
1761886201.346824, 39
1761886201.361315, 39
1761886201.376041, 39
1761886201.391020, 41
1761886201.405441, 41
1761886201.419836, 39
1761886201.434341, 39
1761886201.449133, 39
1761886201.463816, 39
1761886201.478473, 40
1761886201.493147, 40
1761886201.507389, 40
1761886201.521579, 40
1761886201.536390, 39
1761886201.550823, 41
1761886201.565223, 40
1761886201.579492, 41
1761886201.594095, 42
1761886201.609267, 42
1761886201.624206, 42
1761886201.638731, 41
1761886201.653141, 41
1761886201.668201, 41
1761886201.682266, 40
1761886201.696783, 41
1761886201.711393, 40
1761886201.726427, 40
1761886201.741408, 40
1761886201.755914, 41
1761886201.770359, 41
1761886201.784678, 42
1761886201.799530, 41
1761886201.814074, 42
1761886201.828804, 42
1761886201.843165, 42
1761886201.857379, 42
1761886201.872082, 41
1761886201.887015, 42
1761886201.901380, 42
1761886201.915585, 41
1761886201.930367, 41
1761886201.945194, 41
1761886201.959589, 41
1761886201.974382, 42
1761886201.989440, 42
1761886202.003682, 42
1761886202.018051, 42
1761886202.032410, 42
1761886202.046961, 42
1761886202.061411, 42
1761886202.076368, 42
1761886202.090390, 42
1761886202.104667, 42
1761886202.119059, 43
1761886202.133775, 42
1761886202.148164, 43
1761886202.162836, 43
1761886202.177926, 43
1761886202.192347, 43
1761886202.206753, 44
1761886202.221469, 43
1761886202.236161, 43
1761886202.250552, 43
1761886202.265421, 44
1761886202.280025, 43
1761886202.294627, 45
1761886202.309109, 44
1761886202.323658, 45
1761886202.338104, 45
1761886202.353024, 44
1761886202.367361, 43
1761886202.381818, 44
1761886202.396299, 45
1761886202.410945, 43
1761886202.425733, 43
1761886202.440181, 44
1761886202.454363, 43
1761886202.468725, 45
1761886202.483116, 45
1761886202.497705, 44
1761886202.512397, 45
1761886202.527114, 46
1761886202.542145, 45
1761886202.556428, 45
1761886202.571696, 45
1761886202.586234, 45
1761886202.601250, 44
1761886202.615759, 45
1761886202.630283, 45
1761886202.645680, 45
1761886202.661167, 44
1761886202.675575, 45
1761886202.690055, 45
1761886202.704844, 45
1761886202.719355, 45
1761886202.733715, 45
1761886202.748063, 45
1761886202.762673, 46
1761886202.777443, 45
1761886202.792491, 45
1761886202.807025, 46
1761886202.821772, 46
1761886202.836148, 46
1761886202.850815, 45
1761886202.865251, 46
1761886202.879802, 46
1761886202.894267, 45
1761886202.908639, 45
1761886202.923583, 45
1761886202.938495, 45
1761886202.952835, 47
1761886202.967173, 47
1761886202.981691, 46
1761886202.996487, 47
1761886203.011004, 47
1761886203.025646, 46
1761886203.040396, 47
1761886203.054731, 46
1761886203.069136, 45
1761886203.083612, 47
1761886203.098331, 47
1761886203.113331, 47
1761886203.127936, 46
1761886203.142598, 47
1761886203.157247, 46
1761886203.171784, 47
1761886203.186552, 46
1761886203.201198, 46
1761886203.215963, 49
1761886203.230444, 48
1761886203.244778, 47
1761886203.259852, 47
1761886203.274818, 49
1761886203.289073, 49
1761886203.303453, 49
1761886203.317899, 49
1761886203.332782, 48
1761886203.347226, 48
1761886203.361624, 47
1761886203.375781, 47
1761886203.390590, 48
1761886203.405010, 47
1761886203.419301, 49
1761886203.434095, 49
1761886203.448360, 49
1761886203.463072, 48
1761886203.477904, 48
1761886203.492719, 49
1761886203.506949, 49
1761886203.521060, 50
1761886203.535434, 48
1761886203.550379, 48
1761886203.565441, 49
1761886203.580264, 49
1761886203.594843, 48
1761886203.609488, 49
1761886203.624556, 50
1761886203.638957, 49
1761886203.653691, 48
1761886203.668154, 48
1761886203.683418, 48
1761886203.697602, 48
1761886203.711754, 49
1761886203.726064, 49
1761886203.740804, 49
1761886203.755465, 49
1761886203.769771, 49
1761886203.784551, 49
1761886203.799170, 48
1761886203.813852, 48
1761886203.829047, 49
1761886203.843931, 49
1761886203.858154, 49
1761886203.873003, 49
1761886203.887657, 49
1761886203.901747, 49
1761886203.916050, 50
1761886203.930410, 49
1761886203.945718, 48
1761886203.960620, 48
1761886203.974902, 49
1761886203.989514, 49
1761886204.004187, 50
1761886204.019016, 49
1761886204.033510, 49
1761886204.048193, 48
1761886204.062791, 47
1761886204.077444, 48
1761886204.091763, 47
1761886204.106400, 47
1761886204.120487, 47
1761886204.134919, 48
1761886204.149056, 46
1761886204.163423, 47
1761886204.177558, 43
1761886204.192339, 38
1761886204.207206, 36
1761886204.221631, 31
1761886204.236391, 32
1761886204.250969, 28
1761886204.265291, 26
1761886204.279519, 24
1761886204.293920, 22
1761886204.309303, 22
1761886204.323390, 22
1761886204.338020, 22
1761886204.352728, 22
1761886204.367691, 23
1761886204.382726, 22
1761886204.397998, 23
1761886204.412475, 22
1761886204.426779, 24
1761886204.441223, 23
1761886204.455723, 23
1761886204.470078, 24
1761886204.484496, 23
1761886204.498990, 23
1761886204.513995, 22
1761886204.528522, 25
1761886204.543144, 24
1761886204.557514, 25
1761886204.572110, 25
1761886204.586797, 24
1761886204.601317, 23
1761886204.616154, 23
1761886204.631164, 25
1761886204.645436, 25
1761886204.659953, 25
1761886204.675052, 25
1761886204.689520, 25
1761886204.704180, 25
1761886204.719040, 25
1761886204.733778, 26
1761886204.748294, 26
1761886204.762903, 25
1761886204.777565, 25
1761886204.792186, 25
1761886204.806592, 24
1761886204.820588, 25
1761886204.835007, 26
1761886204.849527, 26
1761886204.864419, 26
1761886204.879480, 27
1761886204.893778, 26
1761886204.908506, 26
1761886204.922475, 25
1761886204.936727, 26
1761886204.951067, 26
1761886204.965658, 27
1761886204.980463, 27
1761886204.995360, 26
1761886205.009387, 28
1761886205.024022, 27
1761886205.038635, 28
1761886205.052818, 28
1761886205.067024, 28
1761886205.081358, 27
1761886205.096830, 26
1761886205.111479, 26
1761886205.125871, 26
1761886205.140793, 28
1761886205.155246, 28
1761886205.169517, 28
1761886205.184794, 29
1761886205.199669, 28
1761886205.214483, 27
1761886205.228730, 28
1761886205.243268, 29
1761886205.258073, 28
1761886205.272549, 29
1761886205.287323, 30
1761886205.301760, 28
1761886205.316100, 28
1761886205.330678, 31
1761886205.345562, 30
1761886205.360862, 30
1761886205.375633, 30
1761886205.389858, 31
1761886205.404176, 29
1761886205.418539, 28
1761886205.433208, 29
1761886205.448122, 29
1761886205.463384, 29
1761886205.477553, 30
1761886205.492486, 31
1761886205.507605, 29
1761886205.522021, 29
1761886205.536458, 30
1761886205.550731, 30
1761886205.565655, 31
1761886205.579947, 30
1761886205.594348, 30
1761886205.608741, 31
1761886205.623131, 30
1761886205.637729, 32
1761886205.652362, 33
1761886205.667072, 32
1761886205.681841, 31
1761886205.696266, 31
1761886205.710850, 31
1761886205.725539, 31
1761886205.739753, 32
1761886205.754620, 33
1761886205.768998, 33
1761886205.784249, 32
1761886205.798832, 31
1761886205.813521, 30
1761886205.827847, 31
1761886205.842428, 33
1761886205.857534, 33
1761886205.872135, 33
1761886205.886396, 33
1761886205.900850, 32
1761886205.915440, 31
1761886205.929782, 31
1761886205.944248, 32
1761886205.958573, 32
1761886205.972412, 32
1761886205.987268, 33
1761886206.001753, 34
1761886206.016287, 33
1761886206.030926, 33
1761886206.045830, 34
1761886206.059911, 34
1761886206.074266, 34
1761886206.088830, 34
1761886206.103276, 34
1761886206.118344, 32
1761886206.132725, 33
1761886206.148021, 34
1761886206.163355, 34
1761886206.177983, 33
1761886206.193057, 33
1761886206.207725, 34
1761886206.222834, 33
1761886206.237227, 35
1761886206.252339, 35
1761886206.266860, 34
1761886206.282298, 35
1761886206.297213, 34
1761886206.312010, 34
1761886206.326608, 33
1761886206.341131, 34
1761886206.355926, 36
1761886206.370431, 35
1761886206.385268, 36
1761886206.400115, 36
1761886206.414816, 36
1761886206.429747, 35
1761886206.444380, 36
1761886206.459582, 37
1761886206.474192, 37
1761886206.488677, 37
1761886206.503102, 36
1761886206.517416, 36
1761886206.531852, 35
1761886206.546541, 36
1761886206.560951, 35
1761886206.575613, 36
1761886206.590104, 36
1761886206.604673, 37
1761886206.618937, 36
1761886206.633244, 36
1761886206.647542, 36
1761886206.661783, 36
1761886206.675907, 36
1761886206.690290, 36
1761886206.704825, 36
1761886206.719099, 37
1761886206.733768, 37
1761886206.748554, 37
1761886206.763205, 37
1761886206.777430, 38
1761886206.792025, 37
1761886206.807065, 37
1761886206.821234, 37
1761886206.835880, 36
1761886206.850160, 38
1761886206.864712, 37
1761886206.878944, 37
1761886206.893252, 37
1761886206.907688, 37
1761886206.922168, 38
1761886206.936341, 37
1761886206.950868, 38
1761886206.965234, 38
1761886206.979652, 37
1761886206.994148, 39
1761886207.008433, 40
1761886207.023165, 40
1761886207.037490, 38
1761886207.052303, 41
1761886207.066404, 40
1761886207.081104, 40
1761886207.095603, 39
1761886207.109766, 39
1761886207.123938, 40
1761886207.138766, 38
1761886207.152984, 39
1761886207.167962, 39
1761886207.182442, 39
1761886207.197340, 40
1761886207.212777, 39
1761886207.227227, 40
1761886207.242076, 39
1761886207.256782, 39
1761886207.271601, 39
1761886207.286546, 40
1761886207.300711, 39
1761886207.315646, 39
1761886207.331027, 39
1761886207.345693, 39
1761886207.360376, 39
1761886207.374733, 41
1761886207.389635, 40
1761886207.403929, 40
1761886207.418087, 40
1761886207.432601, 40
1761886207.447174, 40
1761886207.462010, 40
1761886207.476294, 40
1761886207.492151, 40
1761886207.506579, 41
1761886207.521045, 40
1761886207.536288, 40
1761886207.550839, 40
1761886207.565287, 40
1761886207.579882, 40
1761886207.594299, 40
1761886207.609237, 40
1761886207.624019, 41
1761886207.638235, 40
1761886207.652940, 41
1761886207.667324, 41
1761886207.681521, 41
1761886207.696243, 41
1761886207.710912, 43
1761886207.725773, 42
1761886207.740502, 42
1761886207.755263, 41
1761886207.769613, 41
1761886207.784190, 43
1761886207.798791, 42
1761886207.813212, 42
1761886207.827786, 42
1761886207.842372, 41
1761886207.856725, 42
1761886207.871155, 43
1761886207.886503, 42
1761886207.901167, 42
1761886207.915915, 44
1761886207.931068, 43
1761886207.945682, 43
1761886207.960117, 43
1761886207.975311, 43
1761886207.989533, 41
1761886208.004483, 42
1761886208.018871, 43
1761886208.033227, 42
1761886208.048321, 42
1761886208.062511, 42
1761886208.077149, 44
1761886208.092363, 44
1761886208.107090, 44
1761886208.121783, 43
1761886208.136731, 44
1761886208.151006, 46
1761886208.165553, 44
1761886208.179946, 45
1761886208.194184, 44
1761886208.208550, 43
1761886208.223071, 43
1761886208.238258, 43
1761886208.253440, 43
1761886208.268443, 44
1761886208.283113, 43
1761886208.298164, 45
1761886208.313155, 45
1761886208.327408, 45
1761886208.342053, 44
1761886208.356404, 45
1761886208.370907, 44
1761886208.385399, 44
1761886208.399987, 44
1761886208.414145, 43
1761886208.429327, 44
1761886208.443982, 44
1761886208.459376, 45
1761886208.474403, 44
1761886208.488906, 44
1761886208.502953, 44
1761886208.518250, 45
1761886208.532625, 45
1761886208.547030, 45
1761886208.561752, 45
1761886208.576272, 46
1761886208.590521, 46
1761886208.605032, 46
1761886208.619234, 47
1761886208.633619, 46
1761886208.647830, 46
1761886208.662390, 47
1761886208.677013, 45
1761886208.691733, 45
1761886208.706823, 45
1761886208.721154, 46
1761886208.736029, 45
1761886208.750489, 46
1761886208.765378, 45
1761886208.779724, 45
1761886208.794401, 46
1761886208.809260, 47
1761886208.823581, 46
1761886208.837994, 47
1761886208.853033, 46
1761886208.867298, 47
1761886208.881754, 47
1761886208.896278, 46
1761886208.910783, 47
1761886208.926328, 46
1761886208.941304, 46
1761886208.956176, 47
1761886208.970806, 46
1761886208.985540, 46
1761886209.000953, 47
1761886209.015435, 46
1761886209.029916, 47
1761886209.045514, 46
1761886209.060059, 48
1761886209.075244, 47
1761886209.089936, 47
1761886209.104759, 47
1761886209.119293, 47
1761886209.133735, 47
1761886209.148273, 47
1761886209.163250, 48
1761886209.178081, 46
1761886209.192361, 47
1761886209.206548, 48
1761886209.221362, 47
1761886209.235734, 48
1761886209.250690, 47
1761886209.265399, 48
1761886209.280649, 47
1761886209.295955, 48
1761886209.310606, 46
1761886209.325343, 49
1761886209.339955, 48
1761886209.354632, 48
1761886209.370164, 49
1761886209.385062, 50
1761886209.400217, 50
1761886209.414442, 50
1761886209.429545, 49
1761886209.444114, 49
1761886209.459043, 48
1761886209.473331, 49
1761886209.487766, 49
1761886209.502441, 48
1761886209.516828, 48
1761886209.531877, 49
1761886209.546991, 49
1761886209.561305, 49
1761886209.575880, 48
1761886209.590595, 49
1761886209.605320, 48
1761886209.619795, 49
1761886209.635054, 48
1761886209.649525, 49
1761886209.664375, 48
1761886209.678985, 48
1761886209.693474, 48
1761886209.708483, 48
1761886209.723201, 48
1761886209.737813, 48
1761886209.752740, 48
1761886209.767001, 49
1761886209.781418, 48
1761886209.796274, 48
1761886209.811389, 48
1761886209.825608, 41
1761886209.840133, 36
1761886209.854571, 29
1761886209.869666, 24
1761886209.884887, 22
1761886209.899706, 23
1761886209.914260, 21
