1761888507.334664, 0
1761888507.350579, 0
1761888507.365381, 2
1761888507.380510, 0
1761888507.395398, 2
1761888507.410988, 8
1761888507.425510, 3
1761888507.440191, 9
1761888507.455049, 16
1761888507.470200, 18
1761888507.485192, 19
1761888507.499673, 22
1761888507.514899, 27
1761888507.529641, 30
1761888507.544582, 30
1761888507.558888, 30
1761888507.573395, 30
1761888507.587615, 30
1761888507.602333, 30
1761888507.617205, 30
1761888507.631852, 30
1761888507.646107, 30
1761888507.660488, 30
1761888507.674918, 29
1761888507.689612, 29
1761888507.704754, 30
1761888507.719434, 29
1761888507.734380, 29
1761888507.749679, 30
1761888507.764593, 29
1761888507.778847, 29
1761888507.793407, 29
1761888507.808121, 28
1761888507.822686, 28
1761888507.837579, 30
1761888507.851705, 29
1761888507.866483, 27
1761888507.881539, 27
1761888507.895746, 29
1761888507.910698, 28
1761888507.925017, 27
1761888507.939862, 28
1761888507.954545, 28
1761888507.968568, 26
1761888507.983152, 28
1761888507.997766, 28
1761888508.012238, 29
1761888508.026442, 29
1761888508.041305, 27
1761888508.056192, 27
1761888508.070906, 27
1761888508.086086, 26
1761888508.100281, 24
1761888508.114954, 22
1761888508.129240, 24
1761888508.143399, 22
1761888508.157593, 24
1761888508.172112, 25
1761888508.186702, 25
1761888508.201169, 24
1761888508.215348, 19
1761888508.230379, 19
1761888508.244763, 19
1761888508.258987, 20
1761888508.273307, 20
1761888508.287395, 20
1761888508.301834, 19
1761888508.316087, 19
1761888508.330601, 20
1761888508.344896, 20
1761888508.359730, 21
1761888508.374118, 21
1761888508.388693, 21
1761888508.403149, 21
1761888508.417722, 21
1761888508.432099, 20
1761888508.446790, 21
1761888508.460892, 23
1761888508.475376, 23
1761888508.490231, 23
1761888508.504478, 21
1761888508.518728, 22
1761888508.533056, 23
1761888508.547586, 22
1761888508.561975, 23
1761888508.576442, 23
1761888508.590870, 22
1761888508.605154, 22
1761888508.619325, 22
1761888508.633911, 23
1761888508.648093, 22
1761888508.662804, 23
1761888508.676857, 24
1761888508.691125, 24
1761888508.705638, 22
1761888508.719869, 23
1761888508.734588, 24
1761888508.748848, 23
1761888508.763445, 24
1761888508.777586, 24
1761888508.792336, 25
1761888508.806961, 25
1761888508.821672, 24
1761888508.836108, 24
1761888508.850182, 23
1761888508.864139, 25
1761888508.878699, 26
1761888508.892795, 25
1761888508.907330, 24
1761888508.921813, 25
1761888508.936065, 25
1761888508.950668, 24
1761888508.965020, 26
1761888508.979344, 26
1761888508.993844, 26
1761888509.008426, 26
1761888509.023304, 25
1761888509.037992, 26
1761888509.052666, 27
1761888509.067114, 27
1761888509.081457, 27
1761888509.095640, 26
1761888509.110264, 27
1761888509.124657, 26
1761888509.138987, 25
1761888509.153249, 28
1761888509.167463, 28
1761888509.182070, 28
1761888509.196444, 29
1761888509.210967, 29
1761888509.225202, 26
1761888509.240038, 26
1761888509.254553, 27
1761888509.269143, 27
1761888509.283403, 27
1761888509.298561, 27
1761888509.313078, 28
1761888509.327307, 27
1761888509.341679, 28
1761888509.355999, 28
1761888509.370923, 29
1761888509.386125, 29
1761888509.400399, 28
1761888509.414757, 30
1761888509.428920, 27
1761888509.443583, 27
1761888509.457780, 29
1761888509.472243, 29
1761888509.486273, 29
1761888509.500609, 28
1761888509.515659, 28
1761888509.529915, 28
1761888509.544297, 28
1761888509.558883, 29
1761888509.573342, 30
1761888509.587776, 29
1761888509.602340, 29
1761888509.616833, 30
1761888509.631375, 27
1761888509.645650, 28
1761888509.659837, 28
1761888509.674016, 28
1761888509.688839, 28
1761888509.703741, 28
1761888509.718078, 27
1761888509.732475, 20
1761888509.746679, 14
1761888509.761037, 11
1761888509.775294, 10
1761888509.790044, 12
1761888509.804720, 11
1761888509.819118, 11
1761888509.833265, 11
1761888509.848088, 11
1761888509.862388, 12
1761888509.876815, 14
1761888509.891140, 13
1761888509.906180, 12
1761888509.921105, 12
1761888509.935772, 13
1761888509.949943, 13
1761888509.964111, 15
1761888509.978490, 14
1761888509.992955, 14
1761888510.007157, 14
1761888510.021532, 13
1761888510.035869, 13
1761888510.050066, 13
1761888510.064942, 15
1761888510.079872, 15
1761888510.094512, 14
1761888510.108966, 14
1761888510.123263, 14
1761888510.137472, 15
1761888510.151638, 14
1761888510.166179, 16
1761888510.181191, 16
1761888510.195417, 16
1761888510.210052, 15
1761888510.224495, 15
1761888510.239017, 15
1761888510.253567, 15
1761888510.267708, 18
1761888510.282026, 18
1761888510.296399, 18
1761888510.310763, 16
1761888510.325058, 16
1761888510.339762, 17
1761888510.354237, 17
1761888510.368477, 17
1761888510.382782, 18
1761888510.397154, 18
1761888510.411965, 17
1761888510.426904, 18
1761888510.441232, 18
1761888510.456165, 18
1761888510.470730, 18
1761888510.485167, 18
1761888510.499486, 19
1761888510.514597, 19
1761888510.529389, 18
1761888510.544199, 18
1761888510.558628, 18
1761888510.572843, 19
1761888510.587384, 19
1761888510.601706, 20
1761888510.615968, 19
1761888510.630298, 19
1761888510.645195, 19
1761888510.660611, 20
1761888510.674997, 20
1761888510.689385, 21
1761888510.703751, 20
1761888510.718178, 20
1761888510.732336, 19
1761888510.746607, 21
1761888510.761744, 21
1761888510.775877, 21
1761888510.790443, 21
1761888510.805616, 21
1761888510.820815, 22
1761888510.835673, 22
1761888510.850487, 21
1761888510.865481, 22
1761888510.880245, 22
1761888510.894701, 22
1761888510.909501, 23
1761888510.924185, 21
1761888510.939004, 22
1761888510.953422, 21
1761888510.968597, 24
1761888510.983334, 23
1761888510.997490, 24
1761888511.012060, 23
1761888511.026785, 21
1761888511.041944, 22
1761888511.056483, 23
1761888511.070689, 23
1761888511.085013, 23
1761888511.099138, 23
1761888511.113402, 23
1761888511.127746, 23
1761888511.142210, 23
1761888511.157137, 23
1761888511.171683, 25
1761888511.186186, 25
1761888511.200283, 24
1761888511.214741, 24
1761888511.229007, 25
1761888511.243385, 24
1761888511.257809, 25
1761888511.272424, 26
1761888511.286762, 25
1761888511.301158, 24
1761888511.315768, 25
1761888511.330363, 25
1761888511.345268, 24
1761888511.359519, 24
1761888511.373805, 25
1761888511.388203, 26
1761888511.402828, 26
1761888511.417528, 26
1761888511.432654, 26
1761888511.446805, 25
1761888511.461210, 25
1761888511.475491, 27
1761888511.489862, 27
1761888511.504987, 27
1761888511.519300, 27
1761888511.533649, 25
1761888511.547979, 26
1761888511.562094, 27
1761888511.576566, 27
1761888511.591543, 28
1761888511.606355, 28
1761888511.621010, 27
1761888511.635745, 26
1761888511.650228, 26
1761888511.664713, 26
1761888511.679363, 27
1761888511.693796, 27
1761888511.708284, 28
1761888511.722350, 28
1761888511.736912, 27
1761888511.751778, 28
1761888511.766133, 27
1761888511.780879, 28
1761888511.796121, 29
1761888511.810681, 28
1761888511.825155, 28
1761888511.839900, 27
1761888511.854465, 28
1761888511.868748, 28
1761888511.884248, 29
1761888511.898621, 29
1761888511.912939, 29
1761888511.927943, 29
1761888511.942128, 28
1761888511.956622, 29
1761888511.970935, 28
1761888511.985137, 29
1761888511.999861, 30
1761888512.014489, 29
1761888512.029064, 29
1761888512.043034, 28
1761888512.057598, 28
1761888512.072516, 28
1761888512.087173, 29
1761888512.101865, 30
1761888512.116780, 30
1761888512.130973, 29
1761888512.145914, 28
1761888512.160433, 28
1761888512.175245, 29
1761888512.189741, 28
1761888512.204189, 22
1761888512.218802, 15
1761888512.233603, 11
1761888512.248003, 11
1761888512.262693, 11
1761888512.277303, 13
1761888512.292416, 14
1761888512.307035, 13
1761888512.322006, 12
1761888512.336973, 13
1761888512.351347, 13
1761888512.365921, 13
1761888512.381444, 14
1761888512.395926, 14
1761888512.410795, 13
1761888512.425623, 13
1761888512.440451, 13
1761888512.455003, 13
1761888512.469666, 13
1761888512.484339, 15
1761888512.499039, 15
1761888512.513702, 15
1761888512.528144, 15
1761888512.542375, 15
1761888512.557543, 14
1761888512.572208, 14
1761888512.586417, 16
1761888512.601201, 16
1761888512.615502, 15
1761888512.630207, 15
1761888512.644903, 15
1761888512.659331, 15
1761888512.673737, 15
1761888512.688829, 16
1761888512.703811, 18
1761888512.718265, 17
1761888512.732924, 17
1761888512.747279, 17
1761888512.762013, 17
1761888512.776334, 17
1761888512.790713, 18
1761888512.805242, 17
1761888512.819442, 18
1761888512.833952, 17
1761888512.848319, 17
1761888512.862661, 17
1761888512.877038, 17
1761888512.891788, 19
1761888512.906114, 18
1761888512.920512, 18
1761888512.935024, 18
1761888512.949672, 18
1761888512.964206, 18
1761888512.978761, 18
1761888512.993469, 20
1761888513.009073, 20
1761888513.024049, 18
1761888513.038777, 19
1761888513.053365, 19
1761888513.067824, 19
1761888513.082103, 21
1761888513.096295, 20
1761888513.110970, 21
1761888513.125283, 20
1761888513.139705, 20
1761888513.154687, 19
1761888513.169356, 20
1761888513.184219, 22
1761888513.198352, 21
1761888513.212487, 22
1761888513.227464, 22
1761888513.241834, 21
1761888513.256265, 21
1761888513.270107, 22
1761888513.284745, 24
1761888513.299059, 23
1761888513.313336, 22
1761888513.328434, 23
1761888513.342965, 22
1761888513.357578, 22
1761888513.372059, 22
1761888513.386415, 23
1761888513.400848, 23
1761888513.414985, 24
1761888513.429278, 23
1761888513.443487, 22
1761888513.458735, 22
1761888513.474078, 23
1761888513.489373, 24
1761888513.503642, 23
1761888513.518354, 25
1761888513.533545, 24
1761888513.548654, 23
1761888513.563272, 23
1761888513.577553, 22
1761888513.592756, 24
1761888513.607176, 24
1761888513.621821, 24
1761888513.636472, 24
1761888513.650797, 24
1761888513.665339, 24
1761888513.679658, 22
1761888513.694216, 24
1761888513.708745, 25
1761888513.723045, 25
1761888513.737395, 25
1761888513.751817, 25
1761888513.766220, 24
1761888513.780407, 24
1761888513.795086, 25
1761888513.809580, 25
1761888513.824146, 25
1761888513.838611, 25
1761888513.852867, 25
1761888513.867246, 25
1761888513.881628, 25
1761888513.896421, 27
1761888513.910792, 27
1761888513.924896, 26
1761888513.939502, 26
1761888513.953791, 26
1761888513.969266, 26
1761888513.984757, 27
1761888513.999574, 28
1761888514.013960, 27
1761888514.028449, 26
1761888514.042909, 27
1761888514.057169, 27
1761888514.071469, 26
1761888514.085789, 27
1761888514.100337, 28
1761888514.114455, 27
1761888514.128916, 27
1761888514.143495, 28
1761888514.158565, 27
1761888514.172769, 27
1761888514.187158, 26
1761888514.201458, 29
1761888514.216368, 29
1761888514.231312, 29
1761888514.245856, 29
1761888514.260056, 28
1761888514.274449, 27
1761888514.289398, 27
1761888514.303505, 29
1761888514.318351, 28
1761888514.333067, 29
1761888514.347673, 29
1761888514.362113, 29
1761888514.376292, 30
1761888514.390509, 29
1761888514.404982, 29
1761888514.419990, 28
1761888514.434643, 29
1761888514.448874, 29
1761888514.463455, 29
1761888514.477995, 29
1761888514.492595, 29
1761888514.507478, 28
1761888514.521734, 27
1761888514.536323, 27
1761888514.550737, 25
1761888514.565004, 18
1761888514.579481, 13
1761888514.593721, 12
1761888514.608073, 13
1761888514.622515, 12
1761888514.637367, 11
1761888514.651976, 12
1761888514.666376, 12
1761888514.680870, 12
1761888514.695954, 13
1761888514.710538, 13
1761888514.725385, 12
1761888514.739692, 12
1761888514.754819, 13
1761888514.770406, 14
1761888514.785541, 13
1761888514.800124, 14
1761888514.814990, 14
1761888514.829138, 13
1761888514.843498, 13
1761888514.858034, 13
1761888514.872868, 14
1761888514.887130, 14
1761888514.901283, 15
1761888514.916114, 15
1761888514.930719, 14
1761888514.945611, 14
1761888514.960364, 15
1761888514.974551, 14
1761888514.989066, 15
1761888515.003422, 16
1761888515.017754, 16
1761888515.032660, 17
1761888515.046935, 15
1761888515.061535, 15
1761888515.076602, 15
1761888515.091008, 16
1761888515.105612, 17
1761888515.120078, 17
1761888515.134816, 18
1761888515.149863, 17
1761888515.164350, 17
1761888515.179065, 16
1761888515.193153, 17
1761888515.207950, 19
1761888515.222584, 19
1761888515.236775, 19
1761888515.251004, 18
1761888515.265338, 17
1761888515.280265, 18
1761888515.294555, 18
1761888515.309495, 19
1761888515.324228, 20
1761888515.339030, 20
1761888515.353308, 19
1761888515.367986, 18
1761888515.382276, 19
1761888515.397310, 20
1761888515.411837, 20
1761888515.426270, 19
1761888515.440826, 21
1761888515.455009, 19
1761888515.469520, 20
1761888515.484283, 19
1761888515.498461, 20
1761888515.512996, 22
1761888515.527748, 21
1761888515.542270, 21
1761888515.556541, 19
1761888515.570735, 19
1761888515.585100, 20
1761888515.599815, 21
1761888515.614243, 21
1761888515.629179, 21
1761888515.643475, 21
1761888515.657649, 21
1761888515.671904, 21
1761888515.687192, 21
1761888515.702566, 22
1761888515.717146, 21
1761888515.731288, 22
1761888515.746254, 22
1761888515.760448, 21
1761888515.775966, 21
1761888515.790390, 22
1761888515.805386, 22
1761888515.819673, 23
1761888515.833816, 23
1761888515.848236, 23
1761888515.862325, 23
1761888515.877218, 23
1761888515.892151, 22
1761888515.907229, 23
1761888515.921616, 24
1761888515.935926, 23
1761888515.950224, 23
1761888515.964848, 22
1761888515.979567, 23
1761888515.993954, 23
1761888516.008344, 25
1761888516.023415, 25
1761888516.037836, 24
1761888516.051968, 24
1761888516.066733, 23
1761888516.081197, 23
1761888516.095412, 23
1761888516.110257, 24
1761888516.124650, 24
1761888516.139388, 25
1761888516.154154, 25
1761888516.168391, 25
1761888516.183175, 24
1761888516.197513, 25
1761888516.212171, 27
1761888516.226398, 27
1761888516.240640, 26
1761888516.254817, 26
1761888516.269320, 24
1761888516.283652, 24
1761888516.298104, 26
1761888516.312316, 27
1761888516.326908, 27
1761888516.341495, 27
1761888516.356044, 27
1761888516.370690, 25
1761888516.385113, 26
1761888516.399480, 26
1761888516.414060, 26
1761888516.428127, 26
1761888516.442373, 26
1761888516.457373, 28
1761888516.472332, 27
1761888516.487212, 26
1761888516.501896, 26
1761888516.516825, 27
1761888516.531432, 27
1761888516.545781, 27
1761888516.560807, 27
1761888516.575121, 27
1761888516.589653, 27
1761888516.604317, 27
1761888516.618845, 29
1761888516.633684, 29
1761888516.648085, 29
1761888516.662602, 29
1761888516.676868, 29
1761888516.691320, 27
1761888516.706149, 29
1761888516.721151, 29
1761888516.735547, 29
1761888516.750533, 29
1761888516.765224, 27
1761888516.779686, 28
1761888516.794501, 28
1761888516.809000, 29
1761888516.823238, 29
1761888516.837851, 29
1761888516.852183, 29
1761888516.866954, 29
1761888516.881457, 28
1761888516.896178, 28
1761888516.910752, 29
1761888516.925700, 29
1761888516.940201, 29
1761888516.954751, 29
1761888516.969076, 29
1761888516.983166, 28
1761888516.997587, 29
1761888517.012380, 29
1761888517.026902, 30
1761888517.041297, 28
1761888517.055847, 28
1761888517.069983, 28
1761888517.084155, 26
1761888517.098635, 26
1761888517.113336, 20
1761888517.127500, 18
1761888517.142174, 16
1761888517.156640, 17
1761888517.170707, 13
1761888517.185754, 11
1761888517.200237, 12
1761888517.214684, 13
1761888517.229166, 12
1761888517.243573, 12
1761888517.258369, 12
1761888517.273128, 12
1761888517.287927, 12
1761888517.302500, 12
1761888517.316973, 13
1761888517.331504, 14
1761888517.345693, 13
1761888517.360143, 14
1761888517.374500, 13
1761888517.389225, 13
1761888517.403778, 13
1761888517.418273, 14
1761888517.432465, 16
1761888517.446812, 15
1761888517.461310, 15
1761888517.475559, 14
1761888517.490120, 15
1761888517.505082, 15
1761888517.519924, 16
1761888517.534425, 16
1761888517.548558, 17
1761888517.563276, 16
1761888517.577755, 16
1761888517.592375, 16
1761888517.606554, 16
1761888517.621478, 16
1761888517.635594, 16
1761888517.650009, 17
1761888517.665233, 16
1761888517.679725, 17
1761888517.694578, 16
1761888517.709328, 16
1761888517.724038, 17
1761888517.738387, 18
1761888517.752800, 17
1761888517.767556, 17
1761888517.782283, 18
1761888517.796790, 17
1761888517.811301, 17
1761888517.825573, 18
1761888517.840772, 18
1761888517.855107, 18
1761888517.869752, 19
1761888517.885252, 19
1761888517.900446, 18
1761888517.914976, 19
1761888517.929740, 19
1761888517.943904, 20
1761888517.958575, 19
1761888517.973331, 18
1761888517.988538, 18
1761888518.003267, 19
1761888518.017859, 20
1761888518.032232, 20
1761888518.046685, 20
1761888518.061299, 21
1761888518.075391, 19
1761888518.090222, 19
1761888518.104891, 19
1761888518.119405, 21
1761888518.134404, 21
1761888518.148846, 21
1761888518.163610, 21
1761888518.178117, 20
1761888518.193020, 21
1761888518.207447, 21
1761888518.222758, 22
1761888518.237528, 21
1761888518.252188, 23
1761888518.266680, 22
1761888518.281111, 21
1761888518.296062, 21
1761888518.310416, 21
1761888518.324986, 23
1761888518.339938, 23
1761888518.354206, 24
1761888518.368866, 23
1761888518.383276, 22
1761888518.397703, 22
1761888518.412511, 23
1761888518.427438, 24
1761888518.442119, 24
1761888518.456452, 23
1761888518.471389, 24
1761888518.486011, 24
1761888518.501150, 23
1761888518.515880, 23
1761888518.530409, 24
1761888518.544616, 25
1761888518.559091, 24
1761888518.574327, 23
1761888518.589022, 25
1761888518.603554, 24
1761888518.618171, 25
1761888518.632904, 25
1761888518.647406, 25
1761888518.661494, 25
1761888518.676435, 24
1761888518.690725, 25
1761888518.705496, 24
1761888518.720464, 24
1761888518.734803, 25
1761888518.749452, 25
1761888518.764779, 25
1761888518.779710, 26
1761888518.794391, 25
1761888518.809123, 24
1761888518.823951, 25
1761888518.838629, 27
1761888518.852938, 26
1761888518.867381, 27
1761888518.882041, 25
1761888518.896154, 25
1761888518.910780, 25
1761888518.925310, 27
1761888518.939941, 27
1761888518.954259, 26
1761888518.968675, 27
1761888518.983231, 27
1761888518.997723, 26
1761888519.013186, 26
1761888519.027811, 29
1761888519.042661, 28
1761888519.057350, 27
1761888519.071377, 28
1761888519.085794, 29
1761888519.100206, 26
1761888519.114761, 26
1761888519.129108, 27
1761888519.143343, 27
1761888519.157551, 29
1761888519.172096, 28
1761888519.186346, 28
1761888519.201787, 27
1761888519.216171, 27
1761888519.231227, 29
1761888519.245401, 29
1761888519.259618, 28
1761888519.274167, 29
1761888519.288673, 30
1761888519.303487, 29
1761888519.318226, 29
1761888519.332908, 30
1761888519.347418, 29
1761888519.361894, 28
1761888519.376651, 28
1761888519.391827, 28
1761888519.407310, 28
1761888519.422254, 28
1761888519.437402, 28
1761888519.452082, 30
1761888519.466470, 28
1761888519.480908, 28
1761888519.496389, 27
1761888519.510939, 21
1761888519.525442, 15
1761888519.540486, 11
1761888519.555121, 11
1761888519.570158, 12
1761888519.585160, 11
1761888519.599819, 12
1761888519.614406, 12
1761888519.629453, 13
1761888519.643749, 12
1761888519.658299, 13
1761888519.672597, 13
1761888519.687408, 13
1761888519.702096, 12
1761888519.717125, 12
1761888519.731622, 14
1761888519.747310, 14
1761888519.761951, 13
1761888519.776118, 13
1761888519.791183, 13
1761888519.806348, 13
1761888519.821119, 13
1761888519.836086, 15
1761888519.850267, 15
1761888519.864854, 14
1761888519.879651, 14
1761888519.894032, 14
1761888519.908637, 14
1761888519.923265, 14
1761888519.937795, 15
1761888519.952504, 16
1761888519.967281, 15
1761888519.982055, 15
1761888519.996362, 15
1761888520.010690, 15
1761888520.025335, 16
1761888520.040044, 16
1761888520.054264, 17
1761888520.068727, 16
1761888520.083131, 16
1761888520.097975, 16
1761888520.112580, 16
1761888520.126936, 16
1761888520.141447, 17
1761888520.155658, 17
1761888520.170095, 19
1761888520.185022, 17
1761888520.199804, 17
1761888520.214604, 17
1761888520.229150, 17
1761888520.243303, 18
1761888520.258198, 18
1761888520.272317, 18
1761888520.287154, 18
1761888520.301790, 18
1761888520.316443, 18
1761888520.330936, 18
1761888520.345594, 19
1761888520.360307, 19
1761888520.374928, 19
1761888520.389651, 18
1761888520.404194, 20
1761888520.418616, 20
1761888520.433200, 21
1761888520.448376, 20
1761888520.462930, 21
1761888520.477386, 20
1761888520.492121, 19
1761888520.506728, 20
1761888520.521850, 20
1761888520.536750, 21
1761888520.551403, 21
1761888520.565702, 22
1761888520.580483, 21
1761888520.594785, 22
1761888520.609334, 21
1761888520.623709, 21
1761888520.638054, 21
1761888520.652617, 22
1761888520.667024, 23
1761888520.681644, 22
1761888520.696085, 21
1761888520.710696, 21
1761888520.725148, 21
1761888520.739658, 22
1761888520.754258, 22
1761888520.768622, 23
1761888520.783314, 22
1761888520.798300, 23
1761888520.813094, 22
1761888520.827672, 22
1761888520.842427, 24
1761888520.857408, 24
1761888520.871995, 23
1761888520.886666, 24
1761888520.901719, 22
1761888520.917180, 22
1761888520.931432, 22
1761888520.946258, 24
1761888520.960916, 24
1761888520.975496, 24
1761888520.990266, 25
1761888521.005130, 23
1761888521.019958, 24
1761888521.034403, 24
1761888521.048672, 25
1761888521.063016, 24
1761888521.077340, 25
1761888521.092527, 26
1761888521.107327, 24
1761888521.121522, 25
1761888521.136543, 25
1761888521.151225, 26
1761888521.165585, 25
1761888521.180577, 26
1761888521.194993, 26
1761888521.209666, 24
1761888521.225143, 25
1761888521.239478, 26
1761888521.254270, 26
1761888521.268762, 26
1761888521.283660, 26
1761888521.298141, 26
1761888521.312645, 25
1761888521.326905, 25
1761888521.341145, 26
1761888521.355803, 26
1761888521.370565, 27
1761888521.384875, 27
1761888521.399507, 27
1761888521.414310, 26
1761888521.429060, 26
1761888521.443516, 28
1761888521.458068, 28
1761888521.472598, 29
1761888521.487439, 29
1761888521.501809, 28
1761888521.516901, 27
1761888521.531483, 26
1761888521.546111, 28
1761888521.560193, 28
1761888521.574959, 28
1761888521.589856, 28
1761888521.604175, 29
1761888521.618867, 28
1761888521.633968, 28
1761888521.648588, 29
1761888521.662878, 28
1761888521.677078, 29
1761888521.691725, 29
1761888521.705731, 29
1761888521.720219, 28
1761888521.734525, 28
1761888521.749169, 29
1761888521.763742, 28
1761888521.778588, 28
1761888521.793325, 28
1761888521.808126, 29
1761888521.822366, 29
1761888521.836710, 30
1761888521.851305, 29
1761888521.865772, 28
1761888521.880258, 28
1761888521.894765, 29
1761888521.909621, 29
1761888521.924164, 28
1761888521.938919, 27
1761888521.953167, 28
1761888521.968202, 29
1761888521.982852, 29
1761888521.997223, 29
1761888522.011413, 23
1761888522.026515, 18
1761888522.041058, 12
1761888522.055427, 12
1761888522.069902, 12
1761888522.084402, 11
1761888522.099447, 12
1761888522.113600, 12
1761888522.128238, 12
1761888522.142615, 12
1761888522.157042, 13
1761888522.171332, 13
1761888522.185843, 12
1761888522.200675, 13
1761888522.215213, 13
1761888522.229407, 13
1761888522.243878, 13
1761888522.258338, 14
1761888522.272936, 14
1761888522.287148, 13
1761888522.301788, 15
1761888522.316445, 14
1761888522.331069, 14
1761888522.345628, 15
1761888522.359968, 16
1761888522.374637, 16
1761888522.389048, 14
1761888522.403259, 15
1761888522.417795, 16
1761888522.432427, 15
1761888522.446582, 16
1761888522.462316, 16
1761888522.476927, 17
1761888522.491455, 15
1761888522.506168, 15
1761888522.520555, 16
1761888522.534768, 17
1761888522.550010, 17
1761888522.564456, 17
1761888522.578790, 17
1761888522.593341, 16
1761888522.607585, 16
1761888522.622147, 18
1761888522.636522, 17
1761888522.651337, 17
1761888522.666047, 18
1761888522.680238, 19
1761888522.694640, 17
1761888522.709111, 18
1761888522.723520, 18
1761888522.737804, 19
1761888522.752613, 20
1761888522.767546, 19
1761888522.782038, 19
1761888522.796476, 18
1761888522.811213, 18
1761888522.825844, 18
1761888522.840225, 19
1761888522.854529, 20
1761888522.869459, 21
1761888522.883976, 20
1761888522.898414, 20
1761888522.913412, 20
1761888522.927902, 21
1761888522.942667, 21
1761888522.957139, 20
1761888522.971966, 20
1761888522.986129, 20
1761888523.000364, 20
1761888523.014619, 20
1761888523.028834, 21
1761888523.043943, 21
1761888523.058405, 21
1761888523.073073, 22
1761888523.088383, 22
1761888523.102540, 21
1761888523.117103, 21
1761888523.131643, 22
1761888523.145806, 21
1761888523.160151, 22
1761888523.174659, 22
1761888523.189322, 22
1761888523.203517, 24
1761888523.218094, 22
1761888523.233271, 22
1761888523.247481, 21
1761888523.261925, 24
1761888523.277451, 24
1761888523.292106, 24
1761888523.306621, 23
1761888523.321221, 22
1761888523.335695, 24
1761888523.350340, 24
1761888523.364599, 24
1761888523.378495, 24
1761888523.392746, 23
1761888523.407324, 22
1761888523.422009, 24
1761888523.436464, 24
1761888523.450936, 24
1761888523.465639, 24
1761888523.479990, 25
1761888523.494580, 25
1761888523.509054, 25
1761888523.523487, 25
1761888523.538154, 25
1761888523.552703, 25
1761888523.567221, 26
1761888523.581739, 25
1761888523.596414, 25
1761888523.610960, 26
1761888523.625243, 25
1761888523.639814, 25
1761888523.655115, 26
1761888523.669379, 26
1761888523.684724, 26
1761888523.699175, 27
1761888523.713483, 27
1761888523.728118, 25
1761888523.742667, 26
1761888523.756981, 26
1761888523.772020, 27
1761888523.786468, 27
1761888523.800816, 27
1761888523.814960, 26
1761888523.829372, 26
1761888523.844040, 26
1761888523.858730, 27
1761888523.873183, 28
1761888523.887802, 28
1761888523.902399, 28
1761888523.917056, 28
1761888523.931358, 27
1761888523.946289, 26
1761888523.961132, 27
1761888523.975716, 28
1761888523.990173, 29
1761888524.005042, 29
1761888524.019366, 28
1761888524.033707, 29
1761888524.048103, 28
1761888524.062610, 28
1761888524.077439, 28
1761888524.092823, 29
1761888524.107378, 28
1761888524.122265, 29
1761888524.136867, 28
1761888524.151280, 28
1761888524.166140, 29
1761888524.180894, 29
1761888524.195225, 29
1761888524.209529, 29
1761888524.223958, 29
1761888524.238706, 28
1761888524.253021, 28
1761888524.267515, 30
1761888524.282238, 29
1761888524.296854, 30
1761888524.311566, 29
1761888524.325903, 30
1761888524.340433, 29
1761888524.354814, 29
1761888524.369017, 29
1761888524.383245, 30
1761888524.397979, 29
1761888524.412490, 30
1761888524.427020, 30
1761888524.441548, 29
1761888524.456028, 29
1761888524.470849, 29
1761888524.485370, 30
1761888524.500081, 30
1761888524.514754, 30
1761888524.529119, 30
1761888524.543752, 29
1761888524.558249, 28
1761888524.572505, 29
1761888524.586994, 29
1761888524.602406, 29
1761888524.617285, 29
1761888524.631743, 22
1761888524.646298, 18
1761888524.660848, 13
1761888524.675963, 13
1761888524.690632, 12
1761888524.705503, 12
1761888524.719807, 12
1761888524.734072, 12
1761888524.749065, 13
1761888524.763672, 14
1761888524.777925, 14
1761888524.792841, 14
1761888524.807082, 13
1761888524.821481, 13
1761888524.835961, 14
1761888524.850467, 15
1761888524.864909, 15
1761888524.879660, 15
1761888524.894726, 15
1761888524.909393, 14
1761888524.923887, 15
1761888524.938404, 14
1761888524.952818, 14
1761888524.967318, 15
1761888524.981944, 17
1761888524.995987, 17
1761888525.010608, 16
1761888525.025389, 16
1761888525.039459, 16
1761888525.054089, 16
1761888525.068999, 17
1761888525.083730, 16
1761888525.098031, 18
1761888525.112886, 16
1761888525.127232, 17
1761888525.142339, 16
1761888525.157285, 16
1761888525.171901, 17
1761888525.186529, 17
1761888525.201091, 18
1761888525.215760, 17
1761888525.230401, 17
1761888525.245232, 17
1761888525.259692, 17
1761888525.274221, 18
1761888525.288749, 18
1761888525.303194, 18
1761888525.317789, 18
1761888525.332373, 18
1761888525.346762, 18
1761888525.361461, 17
1761888525.376523, 19
1761888525.390745, 20
1761888525.405867, 20
1761888525.420007, 19
1761888525.434530, 19
1761888525.449029, 20
1761888525.464131, 20
1761888525.478979, 20
1761888525.493594, 21
1761888525.508147, 20
1761888525.522411, 18
1761888525.537606, 20
1761888525.552666, 20
1761888525.567178, 21
1761888525.582077, 22
1761888525.596552, 21
1761888525.610957, 21
1761888525.625134, 21
1761888525.639696, 21
1761888525.653961, 20
1761888525.668431, 21
1761888525.683294, 21
1761888525.697746, 21
1761888525.712550, 22
1761888525.727026, 21
1761888525.741339, 21
1761888525.755571, 21
1761888525.770444, 22
1761888525.784861, 22
1761888525.799635, 22
1761888525.814168, 23
1761888525.829009, 21
1761888525.843763, 22
1761888525.858971, 23
1761888525.873631, 24
1761888525.887865, 24
1761888525.902328, 23
1761888525.916457, 24
1761888525.930657, 23
1761888525.945591, 22
1761888525.960379, 23
1761888525.974640, 24
1761888525.989797, 25
1761888526.004524, 25
1761888526.019041, 25
1761888526.033245, 24
1761888526.047773, 23
1761888526.062442, 24
1761888526.076911, 25
1761888526.091564, 25
1761888526.106650, 24
1761888526.121420, 24
1761888526.136315, 24
1761888526.150990, 24
1761888526.166030, 24
1761888526.180424, 25
1761888526.195152, 25
1761888526.210244, 26
1761888526.224357, 25
1761888526.238498, 24
1761888526.253041, 24
1761888526.267265, 24
1761888526.282176, 26
1761888526.296718, 26
1761888526.311712, 26
1761888526.325981, 26
1761888526.340934, 26
1761888526.355144, 25
1761888526.369560, 25
1761888526.384080, 27
1761888526.398308, 27
1761888526.412767, 27
1761888526.427437, 27
1761888526.441711, 27
1761888526.456372, 27
1761888526.471113, 26
1761888526.485309, 28
1761888526.500076, 28
1761888526.514281, 28
1761888526.528655, 28
1761888526.543174, 27
1761888526.557759, 27
1761888526.572888, 26
1761888526.587531, 28
1761888526.602617, 29
1761888526.616912, 29
1761888526.631650, 29
1761888526.645827, 28
1761888526.660259, 28
1761888526.674690, 29
1761888526.688995, 28
1761888526.703758, 29
1761888526.718614, 29
1761888526.733094, 29
1761888526.747911, 28
1761888526.762312, 28
1761888526.776834, 30
1761888526.791773, 29
1761888526.806313, 30
1761888526.821838, 29
1761888526.836942, 30
1761888526.851946, 29
1761888526.866098, 28
1761888526.880515, 30
1761888526.895382, 30
1761888526.910013, 29
1761888526.924800, 29
1761888526.939661, 29
1761888526.954021, 29
1761888526.969243, 28
1761888526.983584, 29
1761888526.998221, 29
1761888527.013333, 29
1761888527.028082, 29
1761888527.043561, 24
1761888527.057915, 19
1761888527.072419, 13
1761888527.087958, 12
1761888527.102391, 12
1761888527.116676, 11
1761888527.131334, 12
1761888527.145501, 12
1761888527.160072, 12
1761888527.174220, 12
1761888527.188468, 13
1761888527.202983, 13
1761888527.217587, 13
1761888527.232268, 12
1761888527.247142, 13
1761888527.262208, 14
1761888527.277239, 14
1761888527.291956, 16
1761888527.306623, 16
1761888527.321154, 14
1761888527.335634, 13
1761888527.349797, 14
1761888527.364157, 14
1761888527.378715, 15
1761888527.393837, 15
1761888527.408700, 15
1761888527.423379, 14
1761888527.438035, 15
1761888527.452408, 15
1761888527.466993, 15
1761888527.481699, 16
1761888527.496559, 16
1761888527.510963, 17
1761888527.526106, 16
1761888527.540745, 16
1761888527.555237, 17
1761888527.569481, 16
1761888527.583991, 17
1761888527.598389, 18
1761888527.612972, 17
1761888527.627996, 17
1761888527.642589, 16
1761888527.657500, 17
1761888527.671771, 17
1761888527.686430, 19
1761888527.700539, 18
1761888527.715103, 19
1761888527.729735, 17
1761888527.744375, 17
1761888527.758850, 18
1761888527.773741, 18
1761888527.788618, 19
1761888527.803487, 20
1761888527.817885, 19
1761888527.832471, 20
1761888527.846887, 20
1761888527.861648, 20
1761888527.875943, 19
1761888527.890943, 19
1761888527.905966, 20
1761888527.920611, 21
1761888527.935380, 20
1761888527.950469, 20
1761888527.965178, 20
1761888527.979437, 21
1761888527.993702, 22
1761888528.008583, 21
1761888528.023090, 21
1761888528.038228, 21
1761888528.052703, 20
1761888528.067187, 21
1761888528.081565, 20
1761888528.095915, 21
1761888528.110342, 21
1761888528.125040, 20
1761888528.139722, 21
1761888528.154021, 22
1761888528.168619, 22
1761888528.182715, 22
1761888528.197207, 23
1761888528.211787, 22
1761888528.226918, 23
1761888528.241281, 22
1761888528.256042, 21
1761888528.270398, 22
1761888528.284770, 22
1761888528.299415, 24
1761888528.313857, 23
1761888528.328260, 24
1761888528.342576, 22
1761888528.357199, 22
1761888528.371560, 23
1761888528.386233, 24
1761888528.400910, 24
1761888528.415059, 24
1761888528.429946, 25
1761888528.444403, 23
1761888528.458630, 23
1761888528.473197, 23
1761888528.487680, 24
1761888528.501993, 24
1761888528.516909, 25
1761888528.531206, 25
1761888528.546005, 23
1761888528.560652, 23
1761888528.575047, 23
1761888528.590202, 25
1761888528.604954, 25
1761888528.619393, 25
1761888528.633865, 26
1761888528.648727, 24
1761888528.663056, 24
1761888528.677787, 24
1761888528.692294, 25
1761888528.707125, 24
1761888528.721644, 25
1761888528.736330, 26
1761888528.750807, 25
1761888528.765508, 25
1761888528.779746, 25
1761888528.794517, 26
1761888528.808860, 26
1761888528.823210, 27
1761888528.837707, 27
1761888528.852599, 26
1761888528.867092, 27
1761888528.881373, 26
1761888528.896071, 28
1761888528.910784, 28
1761888528.925662, 28
1761888528.939989, 28
1761888528.954544, 28
1761888528.969009, 26
1761888528.983687, 27
1761888528.998420, 28
1761888529.012665, 28
1761888529.026920, 27
1761888529.041512, 28
1761888529.057299, 27
1761888529.072599, 27
1761888529.087293, 27
1761888529.102109, 28
1761888529.116834, 29
1761888529.131436, 29
1761888529.146038, 28
1761888529.160543, 28
1761888529.175115, 28
1761888529.189940, 28
1761888529.204749, 29
1761888529.219438, 29
1761888529.233651, 29
1761888529.248155, 29
1761888529.262791, 28
1761888529.277273, 29
1761888529.291780, 29
1761888529.306216, 29
1761888529.320688, 30
1761888529.335375, 30
1761888529.349971, 30
1761888529.364899, 29
1761888529.379089, 29
1761888529.393400, 29
1761888529.408029, 30
1761888529.422612, 29
1761888529.437624, 29
1761888529.451985, 29
1761888529.466105, 27
1761888529.480525, 27
1761888529.495333, 21
1761888529.510113, 15
1761888529.525466, 10
1761888529.539752, 11
1761888529.554032, 12
1761888529.568483, 11
1761888529.583604, 12
1761888529.598311, 13
1761888529.612529, 13
1761888529.627191, 11
1761888529.641503, 13
1761888529.656218, 13
1761888529.670301, 13
1761888529.684533, 14
1761888529.699214, 14
1761888529.714180, 15
1761888529.729446, 14
1761888529.744282, 13
1761888529.759434, 13
1761888529.774510, 14
1761888529.788962, 14
1761888529.803960, 16
1761888529.818036, 15
1761888529.832722, 16
1761888529.847085, 15
1761888529.861812, 15
1761888529.877237, 14
1761888529.891974, 15
1761888529.906720, 16
1761888529.921443, 16
1761888529.936335, 16
1761888529.951001, 16
1761888529.966208, 16
1761888529.980627, 15
1761888529.995340, 16
1761888530.009902, 18
1761888530.023982, 18
1761888530.038178, 17
1761888530.052166, 16
1761888530.066952, 17
1761888530.081715, 16
1761888530.096210, 16
1761888530.110720, 19
1761888530.125343, 18
1761888530.139799, 18
1761888530.154521, 18
1761888530.169174, 17
1761888530.183946, 18
1761888530.198536, 18
1761888530.213147, 18
1761888530.227211, 20
1761888530.241688, 19
1761888530.256583, 19
1761888530.270928, 18
1761888530.285010, 18
1761888530.299566, 18
1761888530.314080, 19
1761888530.328612, 20
1761888530.342960, 20
1761888530.357328, 19
1761888530.371815, 19
1761888530.386615, 20
1761888530.400998, 20
1761888530.415427, 22
1761888530.430244, 21
1761888530.445364, 20
1761888530.459860, 20
1761888530.474366, 20
1761888530.489188, 20
1761888530.503409, 22
1761888530.517904, 21
1761888530.532528, 22
1761888530.547310, 23
1761888530.562375, 22
1761888530.576766, 22
1761888530.590937, 22
1761888530.605381, 21
1761888530.620314, 23
1761888530.635180, 22
1761888530.649958, 22
1761888530.664355, 22
1761888530.678671, 21
1761888530.693527, 21
1761888530.708324, 24
1761888530.722923, 24
1761888530.737676, 24
1761888530.752476, 24
1761888530.766853, 22
1761888530.781306, 22
1761888530.796257, 22
1761888530.810973, 24
1761888530.825555, 24
1761888530.839900, 23
1761888530.854170, 24
1761888530.868539, 23
1761888530.883248, 24
1761888530.897768, 24
1761888530.912966, 25
1761888530.927354, 25
1761888530.941855, 25
1761888530.956215, 24
1761888530.970793, 24
1761888530.984869, 23
1761888530.999031, 23
1761888531.013309, 24
1761888531.027364, 25
1761888531.041705, 25
1761888531.057006, 25
1761888531.071165, 24
1761888531.085666, 24
1761888531.100815, 24
1761888531.115876, 26
1761888531.130207, 25
1761888531.145096, 26
1761888531.160308, 27
1761888531.174912, 25
1761888531.189970, 26
1761888531.205470, 26
1761888531.220457, 26
1761888531.235111, 26
1761888531.249391, 27
1761888531.264086, 28
1761888531.278370, 26
1761888531.292859, 26
1761888531.307412, 27
1761888531.321895, 26
1761888531.336099, 27
1761888531.350624, 27
1761888531.364797, 28
1761888531.379112, 26
1761888531.393320, 26
1761888531.407942, 28
1761888531.422393, 27
1761888531.436595, 27
1761888531.451018, 27
1761888531.465315, 27
1761888531.479696, 26
1761888531.493756, 28
1761888531.508078, 28
1761888531.522920, 28
1761888531.537627, 28
1761888531.552325, 29
1761888531.566873, 28
1761888531.581603, 27
1761888531.596505, 27
1761888531.611076, 28
1761888531.625662, 30
1761888531.640148, 29
1761888531.654600, 30
1761888531.669011, 29
1761888531.683519, 28
1761888531.698173, 28
1761888531.712683, 29
1761888531.727321, 29
1761888531.742749, 29
1761888531.757737, 29
1761888531.772583, 29
1761888531.787287, 28
1761888531.801981, 27
1761888531.816267, 27
1761888531.830954, 25
1761888531.845641, 19
1761888531.860495, 12
1761888531.875363, 11
1761888531.890413, 12
1761888531.905438, 11
1761888531.919849, 12
1761888531.934581, 13
1761888531.950470, 13
1761888531.965028, 12
1761888531.979828, 13
1761888531.994514, 12
1761888532.008928, 13
1761888532.024122, 13
1761888532.039037, 13
1761888532.053437, 13
1761888532.067866, 14
1761888532.082517, 13
1761888532.097534, 13
1761888532.112700, 14
1761888532.127194, 14
1761888532.142516, 14
1761888532.157304, 14
1761888532.172394, 15
1761888532.186805, 15
1761888532.201148, 15
1761888532.215785, 15
1761888532.230391, 15
1761888532.245274, 16
1761888532.259737, 14
1761888532.274652, 15
1761888532.289143, 16
1761888532.303444, 15
1761888532.318203, 16
1761888532.332409, 17
1761888532.346727, 16
1761888532.361450, 16
1761888532.375855, 16
1761888532.390355, 17
1761888532.404891, 17
1761888532.419335, 18
1761888532.433995, 18
1761888532.448508, 18
1761888532.462836, 17
1761888532.477222, 17
1761888532.492069, 17
1761888532.507144, 17
1761888532.521776, 18
1761888532.536218, 18
1761888532.550555, 19
1761888532.565182, 17
1761888532.579771, 17
1761888532.594406, 18
1761888532.609065, 18
1761888532.623604, 19
1761888532.638060, 20
1761888532.652410, 20
1761888532.666866, 19
1761888532.681569, 18
1761888532.695627, 19
1761888532.710319, 18
1761888532.725019, 20
1761888532.739976, 20
1761888532.754914, 20
1761888532.769751, 19
1761888532.784250, 19
1761888532.798815, 19
1761888532.812922, 19
1761888532.827953, 20
1761888532.842054, 22
1761888532.856453, 21
1761888532.871239, 20
1761888532.885589, 20
1761888532.900639, 21
1761888532.915784, 20
1761888532.930637, 22
1761888532.944752, 22
1761888532.959330, 21
1761888532.974190, 21
1761888532.988525, 21
1761888533.002663, 22
1761888533.017255, 21
1761888533.031932, 22
1761888533.046218, 22
1761888533.060827, 23
1761888533.075582, 22
1761888533.090224, 21
1761888533.104752, 21
1761888533.119366, 22
1761888533.133869, 23
1761888533.148799, 24
1761888533.163447, 24
1761888533.177971, 23
1761888533.192738, 23
1761888533.207318, 23
1761888533.221459, 24
1761888533.236050, 24
1761888533.250851, 24
1761888533.265634, 24
1761888533.280319, 23
1761888533.294806, 23
1761888533.309319, 24
1761888533.323602, 25
1761888533.338058, 25
1761888533.352656, 25
1761888533.366976, 25
1761888533.381578, 24
1761888533.395636, 23
1761888533.410162, 23
1761888533.424938, 26
1761888533.439340, 25
1761888533.453918, 25
1761888533.468510, 25
1761888533.483092, 25
1761888533.497544, 24
1761888533.511967, 24
1761888533.526458, 25
1761888533.540980, 25
1761888533.555636, 25
1761888533.570129, 27
1761888533.585249, 25
1761888533.600054, 25
1761888533.614596, 26
1761888533.629364, 26
1761888533.643890, 26
1761888533.658406, 27
1761888533.673362, 26
1761888533.687780, 25
1761888533.702186, 27
1761888533.716457, 26
1761888533.730737, 27
1761888533.745649, 29
1761888533.760355, 28
1761888533.774670, 27
1761888533.789210, 26
1761888533.803946, 27
1761888533.818227, 27
1761888533.832753, 28
1761888533.847134, 28
1761888533.861656, 27
1761888533.875857, 28
1761888533.890422, 28
1761888533.905950, 27
1761888533.920406, 27
1761888533.935196, 28
1761888533.949904, 28
1761888533.964400, 28
1761888533.979345, 29
1761888533.993343, 27
1761888534.007953, 27
1761888534.023204, 29
1761888534.037449, 29
1761888534.052124, 29
1761888534.066391, 29
1761888534.080726, 28
1761888534.095068, 28
1761888534.109679, 27
1761888534.124023, 28
1761888534.138875, 29
1761888534.153423, 30
1761888534.168334, 29
1761888534.182854, 29
1761888534.197297, 27
1761888534.212739, 27
1761888534.227565, 27
1761888534.241716, 20
1761888534.256342, 16
1761888534.270712, 10
1761888534.285067, 10
1761888534.299247, 11
1761888534.313767, 11
1761888534.328188, 12
1761888534.342667, 12
1761888534.357282, 11
1761888534.371662, 12
1761888534.386763, 12
1761888534.401693, 12
1761888534.416116, 12
1761888534.430596, 13
1761888534.445528, 14
1761888534.459836, 12
1761888534.474131, 13
1761888534.488900, 14
1761888534.503287, 13
1761888534.518331, 14
1761888534.533219, 14
1761888534.547380, 14
1761888534.561845, 16
1761888534.575919, 15
1761888534.590544, 14
1761888534.604587, 14
1761888534.618959, 14
1761888534.633555, 15
1761888534.647797, 16
1761888534.662230, 16
1761888534.676974, 16
1761888534.691676, 15
1761888534.706232, 15
1761888534.720568, 15
1761888534.734928, 17
1761888534.749672, 16
1761888534.764123, 15
1761888534.778468, 16
1761888534.793255, 17
1761888534.808029, 17
1761888534.822482, 16
1761888534.836791, 18
1761888534.851326, 18
1761888534.865614, 17
1761888534.880276, 17
1761888534.894977, 18
1761888534.909342, 17
1761888534.923795, 17
1761888534.938442, 18
1761888534.953228, 19
1761888534.968008, 18
1761888534.982625, 18
1761888534.997096, 17
1761888535.011345, 18
1761888535.025738, 18
1761888535.040477, 20
1761888535.055104, 19
1761888535.070352, 19
1761888535.085238, 18
1761888535.099718, 18
1761888535.114234, 18
1761888535.128139, 19
1761888535.142750, 20
1761888535.157491, 20
1761888535.172196, 20
1761888535.186805, 20
1761888535.201195, 19
1761888535.216197, 20
1761888535.230315, 19
1761888535.244935, 22
1761888535.259659, 21
1761888535.273902, 21
1761888535.288779, 21
1761888535.303334, 21
1761888535.318038, 20
1761888535.332642, 21
1761888535.347956, 22
1761888535.362271, 22
1761888535.376738, 22
1761888535.391245, 22
1761888535.405903, 22
1761888535.420642, 22
1761888535.435035, 22
1761888535.450238, 22
1761888535.464635, 22
1761888535.478930, 23
1761888535.493467, 22
1761888535.509082, 21
1761888535.523692, 22
1761888535.537866, 23
1761888535.552145, 23
1761888535.566574, 23
1761888535.580582, 24
1761888535.595207, 23
1761888535.609653, 22
1761888535.624588, 23
1761888535.638744, 24
1761888535.653299, 24
1761888535.667950, 24
1761888535.682459, 24
1761888535.697076, 23
1761888535.711158, 24
1761888535.726368, 24
1761888535.741172, 25
1761888535.755821, 25
1761888535.770632, 26
1761888535.785236, 25
1761888535.799699, 24
1761888535.814135, 25
1761888535.828696, 24
1761888535.843045, 26
1761888535.857195, 25
1761888535.871565, 26
1761888535.886162, 26
1761888535.900687, 25
1761888535.915161, 25
1761888535.930431, 24
1761888535.945080, 26
1761888535.959622, 25
1761888535.973890, 26
1761888535.988441, 26
1761888536.002856, 25
1761888536.017253, 26
1761888536.032208, 25
1761888536.046838, 26
1761888536.061444, 26
1761888536.076147, 26
1761888536.091164, 26
1761888536.105368, 26
1761888536.119853, 26
1761888536.134057, 26
1761888536.148457, 28
1761888536.163053, 28
1761888536.177394, 27
1761888536.191938, 27
1761888536.206226, 27
1761888536.220918, 27
1761888536.235277, 27
1761888536.249703, 28
1761888536.264163, 28
1761888536.278766, 27
1761888536.292868, 29
1761888536.307220, 27
1761888536.321499, 27
1761888536.335917, 27
1761888536.350421, 28
1761888536.364841, 29
1761888536.379245, 28
1761888536.393619, 28
1761888536.408410, 27
1761888536.423431, 28
1761888536.438313, 28
1761888536.453416, 30
1761888536.467900, 30
1761888536.482190, 29
1761888536.496757, 29
1761888536.510864, 28
1761888536.525327, 28
1761888536.539828, 29
1761888536.554076, 29
1761888536.569184, 28
1761888536.583821, 29
1761888536.598481, 29
1761888536.612984, 28
1761888536.627218, 27
1761888536.642049, 21
1761888536.656286, 16
1761888536.671017, 10
1761888536.685760, 12
1761888536.700113, 12
1761888536.715297, 12
1761888536.729550, 11
1761888536.744195, 12
1761888536.758073, 12
1761888536.772189, 12
1761888536.786544, 12
1761888536.801579, 12
1761888536.816746, 12
1761888536.831710, 13
1761888536.846963, 13
1761888536.861363, 13
1761888536.875616, 14
1761888536.890144, 13
1761888536.904914, 13
1761888536.919696, 13
1761888536.934002, 14
1761888536.948352, 14
1761888536.963420, 15
1761888536.978541, 14
1761888536.992653, 14
1761888537.007617, 14
1761888537.022603, 15
1761888537.037584, 15
1761888537.052184, 16
1761888537.067305, 16
1761888537.081935, 15
1761888537.096370, 15
1761888537.110778, 15
1761888537.125261, 16
1761888537.139754, 15
1761888537.154768, 16
1761888537.168977, 17
1761888537.183397, 16
1761888537.197719, 16
1761888537.212377, 17
1761888537.226606, 17
1761888537.241030, 16
1761888537.255578, 18
1761888537.270061, 18
1761888537.284553, 18
1761888537.299386, 18
1761888537.313817, 17
1761888537.328749, 18
1761888537.343202, 18
1761888537.358191, 19
1761888537.372468, 19
1761888537.387027, 18
1761888537.401632, 18
1761888537.416917, 18
1761888537.431357, 18
1761888537.446013, 18
1761888537.460096, 20
1761888537.474596, 19
1761888537.489186, 20
1761888537.503636, 18
1761888537.517926, 19
1761888537.532303, 20
1761888537.546792, 19
1761888537.561161, 21
1761888537.575684, 21
1761888537.590214, 21
1761888537.604779, 20
1761888537.619502, 19
1761888537.634249, 21
1761888537.648870, 21
1761888537.663569, 21
1761888537.677869, 22
1761888537.692542, 22
1761888537.706865, 20
1761888537.721236, 21
1761888537.735470, 21
1761888537.749895, 22
1761888537.765120, 22
1761888537.779882, 22
1761888537.794356, 22
1761888537.809152, 21
1761888537.823979, 21
1761888537.838217, 22
1761888537.852765, 22
1761888537.867157, 23
1761888537.881582, 22
1761888537.896341, 22
1761888537.911491, 21
1761888537.925815, 22
1761888537.940445, 23
1761888537.954870, 23
1761888537.969778, 23
1761888537.983911, 23
1761888537.998592, 24
1761888538.013067, 22
1761888538.027696, 22
1761888538.042474, 22
1761888538.057315, 23
1761888538.071684, 24
1761888538.086071, 24
1761888538.100768, 24
1761888538.115289, 23
1761888538.129839, 24
1761888538.144782, 24
1761888538.159289, 26
1761888538.173790, 26
1761888538.188466, 24
1761888538.202655, 24
1761888538.217018, 25
1761888538.231226, 24
1761888538.245801, 24
1761888538.260348, 25
1761888538.274747, 26
1761888538.288894, 26
1761888538.303344, 26
1761888538.317854, 25
1761888538.332972, 24
1761888538.347661, 24
1761888538.361892, 26
1761888538.376756, 26
1761888538.391228, 25
1761888538.406381, 26
1761888538.421072, 25
1761888538.435430, 25
1761888538.450213, 25
1761888538.464900, 27
1761888538.479417, 26
1761888538.494057, 27
1761888538.508877, 27
1761888538.523079, 27
1761888538.537263, 26
1761888538.551631, 27
1761888538.566335, 28
1761888538.580772, 28
1761888538.595280, 28
1761888538.610469, 28
1761888538.625041, 27
1761888538.640192, 27
1761888538.654899, 27
1761888538.669440, 28
1761888538.683996, 28
1761888538.698338, 29
1761888538.712871, 29
1761888538.727407, 27
1761888538.742312, 27
1761888538.757123, 28
1761888538.772374, 28
1761888538.787174, 28
1761888538.802321, 29
1761888538.817082, 30
1761888538.831894, 29
1761888538.846429, 28
1761888538.861593, 29
1761888538.876571, 29
1761888538.890711, 29
1761888538.905035, 28
1761888538.919370, 28
1761888538.933954, 28
1761888538.947912, 28
1761888538.962401, 29
1761888538.977431, 29
1761888538.991844, 28
1761888539.006447, 28
1761888539.021000, 27
1761888539.035724, 23
1761888539.050011, 18
1761888539.064699, 14
1761888539.079278, 12
1761888539.093819, 12
1761888539.108892, 11
1761888539.123682, 12
1761888539.138125, 12
1761888539.153006, 12
1761888539.167381, 13
1761888539.182663, 13
1761888539.197429, 12
1761888539.212150, 12
1761888539.226275, 12
1761888539.240654, 13
1761888539.254922, 14
1761888539.269288, 13
1761888539.283752, 14
1761888539.297990, 14
1761888539.312598, 13
1761888539.327102, 13
1761888539.341450, 13
1761888539.356003, 13
1761888539.370829, 15
1761888539.385355, 15
1761888539.399596, 14
1761888539.414398, 14
1761888539.428961, 14
1761888539.443244, 14
1761888539.458455, 14
1761888539.473427, 16
1761888539.488008, 16
1761888539.502161, 15
1761888539.517187, 15
1761888539.531340, 15
1761888539.545844, 15
1761888539.560211, 15
1761888539.574343, 16
1761888539.588386, 16
1761888539.603436, 16
1761888539.618194, 16
1761888539.632854, 16
1761888539.648095, 16
1761888539.662569, 17
1761888539.676933, 18
1761888539.691411, 18
1761888539.705878, 17
1761888539.720507, 18
1761888539.735168, 17
1761888539.749413, 18
1761888539.763580, 18
1761888539.778069, 18
1761888539.793039, 18
1761888539.807943, 18
1761888539.822207, 18
1761888539.836586, 18
1761888539.850883, 18
1761888539.865484, 19
1761888539.880343, 19
1761888539.895297, 20
1761888539.910203, 18
1761888539.925215, 19
1761888539.939767, 20
1761888539.954048, 19
1761888539.968486, 21
1761888539.983964, 21
1761888539.998430, 22
1761888540.012768, 20
1761888540.027452, 20
1761888540.042272, 19
1761888540.056745, 20
1761888540.071168, 21
1761888540.085510, 21
1761888540.100096, 22
1761888540.114945, 20
1761888540.129819, 20
1761888540.144415, 21
1761888540.158652, 21
1761888540.173097, 23
1761888540.187422, 22
1761888540.202121, 23
1761888540.216665, 22
1761888540.231585, 21
1761888540.245804, 22
1761888540.261010, 22
1761888540.275739, 23
1761888540.289979, 23
1761888540.304366, 23
1761888540.318896, 23
1761888540.334102, 23
1761888540.348408, 23
1761888540.362773, 23
1761888540.377517, 24
1761888540.392202, 24
1761888540.406832, 23
1761888540.421056, 25
1761888540.435694, 23
1761888540.450288, 23
1761888540.465237, 23
1761888540.480253, 24
1761888540.494639, 25
1761888540.509417, 24
1761888540.524217, 25
1761888540.538726, 23
1761888540.553100, 24
1761888540.567574, 24
1761888540.582102, 26
1761888540.597028, 25
1761888540.611900, 26
1761888540.626301, 27
1761888540.640942, 25
1761888540.655416, 24
1761888540.669745, 26
1761888540.684570, 26
1761888540.699319, 25
1761888540.713742, 26
1761888540.728098, 25
1761888540.742864, 25
1761888540.757418, 24
1761888540.772397, 27
1761888540.787198, 27
1761888540.801871, 27
1761888540.816194, 27
1761888540.830727, 26
1761888540.845290, 26
1761888540.859653, 25
1761888540.874745, 26
1761888540.889690, 26
1761888540.904591, 26
1761888540.919201, 26
1761888540.933630, 26
1761888540.948585, 26
1761888540.962749, 26
1761888540.977649, 27
1761888540.992161, 27
1761888541.006520, 27
1761888541.021014, 27
1761888541.035410, 27
1761888541.050127, 27
1761888541.064625, 27
1761888541.079340, 28
1761888541.093766, 28
1761888541.108171, 29
1761888541.122743, 28
1761888541.137303, 29
1761888541.151543, 28
1761888541.165759, 29
1761888541.180201, 29
1761888541.195053, 29
1761888541.209547, 29
1761888541.223887, 30
1761888541.238187, 29
1761888541.252429, 28
1761888541.267205, 28
1761888541.281700, 29
1761888541.296230, 29
1761888541.310651, 30
1761888541.325239, 29
1761888541.340704, 30
1761888541.355450, 29
1761888541.370358, 28
1761888541.384944, 29
1761888541.400284, 29
1761888541.415047, 29
1761888541.429435, 29
1761888541.443822, 28
1761888541.457840, 27
1761888541.472456, 29
1761888541.486814, 29
1761888541.501605, 29
1761888541.516160, 29
1761888541.531130, 29
1761888541.545511, 27
1761888541.559810, 27
1761888541.574871, 29
1761888541.589260, 26
1761888541.603949, 20
1761888541.618788, 12
1761888541.633731, 11
1761888541.648697, 11
1761888541.663709, 12
1761888541.677856, 13
1761888541.692003, 13
1761888541.706614, 13
1761888541.721385, 13
1761888541.736185, 12
1761888541.750508, 13
1761888541.765122, 13
1761888541.779611, 15
1761888541.794154, 14
1761888541.808781, 13
1761888541.823003, 14
1761888541.837542, 13
1761888541.851583, 13
1761888541.865839, 13
1761888541.880724, 16
1761888541.895406, 15
1761888541.909658, 14
1761888541.923910, 14
1761888541.938112, 14
1761888541.952625, 14
1761888541.966953, 14
1761888541.981609, 17
1761888541.995973, 16
1761888542.010846, 16
1761888542.025378, 15
1761888542.040457, 15
1761888542.055116, 15
1761888542.070119, 15
1761888542.084564, 17
1761888542.099647, 18
1761888542.114319, 17
1761888542.128513, 16
1761888542.142871, 16
1761888542.157300, 16
1761888542.171579, 16
1761888542.185833, 17
1761888542.200118, 17
1761888542.214663, 18
1761888542.229108, 18
1761888542.243461, 16
1761888542.258055, 17
1761888542.272785, 17
1761888542.287735, 18
1761888542.302609, 18
1761888542.317337, 20
1761888542.331866, 18
1761888542.347026, 19
1761888542.361443, 19
1761888542.376360, 18
1761888542.390789, 20
1761888542.405024, 20
1761888542.419825, 20
1761888542.434378, 19
1761888542.449288, 19
1761888542.463997, 19
1761888542.478477, 19
1761888542.493089, 21
1761888542.507662, 21
1761888542.522796, 22
1761888542.537028, 20
1761888542.552203, 20
1761888542.567146, 21
1761888542.581465, 22
1761888542.596746, 21
1761888542.611389, 22
1761888542.626052, 21
1761888542.640346, 21
1761888542.654450, 21
1761888542.669070, 21
1761888542.684316, 23
1761888542.698704, 22
1761888542.713238, 23
1761888542.728204, 22
1761888542.742688, 21
1761888542.757466, 22
1761888542.772427, 21
1761888542.788054, 24
1761888542.802197, 24
1761888542.817531, 22
1761888542.832317, 22
1761888542.846667, 22
1761888542.860989, 22
1761888542.875512, 22
1761888542.889725, 23
1761888542.904943, 23
1761888542.919277, 24
1761888542.934349, 24
1761888542.948690, 23
1761888542.963328, 23
1761888542.977909, 23
1761888542.992634, 24
1761888543.007643, 24
1761888543.022075, 25
1761888543.037303, 24
1761888543.052078, 23
1761888543.067040, 24
1761888543.081493, 25
1761888543.096125, 26
1761888543.111181, 26
1761888543.125383, 25
1761888543.139757, 25
1761888543.154526, 24
1761888543.168945, 24
1761888543.183129, 24
1761888543.198245, 25
1761888543.213334, 26
1761888543.227748, 26
1761888543.242116, 25
1761888543.256789, 25
1761888543.271333, 25
1761888543.285971, 26
1761888543.300563, 26
1761888543.314722, 26
1761888543.329310, 26
1761888543.343857, 26
1761888543.358425, 25
1761888543.372447, 25
1761888543.386770, 26
1761888543.401139, 26
1761888543.415977, 26
1761888543.430447, 26
1761888543.444841, 27
1761888543.459844, 26
1761888543.474150, 26
1761888543.488442, 28
1761888543.503240, 27
1761888543.517619, 27
1761888543.531876, 27
1761888543.546637, 27
1761888543.561403, 26
1761888543.576592, 27
1761888543.591789, 28
1761888543.607079, 28
1761888543.621888, 29
1761888543.636307, 29
1761888543.650353, 28
1761888543.664654, 27
1761888543.678911, 29
1761888543.692849, 29
1761888543.707742, 29
1761888543.722212, 29
1761888543.736872, 29
1761888543.751492, 29
1761888543.765742, 29
1761888543.780455, 29
1761888543.795031, 29
1761888543.809381, 29
1761888543.824373, 29
1761888543.839010, 29
1761888543.853647, 29
1761888543.868175, 28
1761888543.882359, 29
1761888543.896732, 30
1761888543.911061, 29
1761888543.925690, 29
1761888543.939864, 30
1761888543.954220, 30
1761888543.968927, 29
1761888543.983244, 28
1761888543.998031, 30
1761888544.012750, 29
1761888544.027417, 29
1761888544.042356, 29
1761888544.056997, 28
1761888544.071310, 27
1761888544.086071, 28
1761888544.100596, 27
1761888544.115170, 21
1761888544.129462, 14
1761888544.144334, 10
1761888544.158369, 11
1761888544.172958, 12
1761888544.187885, 11
1761888544.202527, 13
1761888544.217413, 13
1761888544.231661, 12
1761888544.246683, 12
1761888544.261181, 12
1761888544.275431, 12
1761888544.290317, 12
1761888544.304838, 14
1761888544.319587, 14
1761888544.334100, 14
1761888544.348823, 14
1761888544.363310, 13
1761888544.377789, 13
1761888544.392422, 14
1761888544.407032, 15
1761888544.421542, 15
1761888544.436648, 15
1761888544.450983, 15
1761888544.466396, 14
1761888544.480924, 14
1761888544.495808, 16
1761888544.510422, 16
1761888544.524718, 16
1761888544.538947, 15
1761888544.553156, 16
1761888544.567704, 16
1761888544.581899, 16
1761888544.596094, 17
1761888544.610453, 17
1761888544.624789, 17
1761888544.638996, 16
1761888544.653367, 16
1761888544.667928, 16
1761888544.682397, 16
1761888544.696750, 17
1761888544.711400, 17
1761888544.726307, 19
1761888544.740830, 17
1761888544.755201, 17
1761888544.769459, 17
1761888544.784290, 17
1761888544.798594, 19
1761888544.812633, 19
1761888544.827241, 19
1761888544.841881, 19
1761888544.856377, 18
1761888544.871549, 18
1761888544.885799, 18
1761888544.900538, 19
1761888544.914984, 20
1761888544.929352, 19
1761888544.944081, 18
1761888544.958762, 19
1761888544.973728, 19
1761888544.988339, 19
1761888545.003240, 20
1761888545.018291, 21
1761888545.033322, 21
1761888545.048301, 20
1761888545.062800, 19
1761888545.077260, 19
1761888545.091581, 21
1761888545.106691, 21
1761888545.121430, 21
1761888545.135909, 21
1761888545.150154, 20
1761888545.164551, 22
1761888545.179018, 22
1761888545.193605, 22
1761888545.208026, 22
1761888545.222686, 21
1761888545.237075, 23
1761888545.252129, 21
1761888545.266491, 22
1761888545.281243, 22
1761888545.295944, 21
1761888545.310393, 22
1761888545.325068, 23
1761888545.340078, 24
1761888545.354561, 23
1761888545.368918, 22
1761888545.383084, 22
1761888545.397511, 22
1761888545.412047, 24
1761888545.426562, 24
1761888545.441028, 24
1761888545.455324, 22
1761888545.469644, 22
1761888545.484519, 22
1761888545.499210, 24
1761888545.514266, 25
1761888545.528385, 24
1761888545.542870, 24
1761888545.557671, 24
1761888545.571868, 23
1761888545.587222, 24
1761888545.601572, 23
1761888545.616382, 25
1761888545.630699, 25
1761888545.645722, 26
1761888545.660079, 25
1761888545.674162, 25
1761888545.688565, 24
1761888545.702891, 25
1761888545.717597, 25
1761888545.732170, 26
1761888545.746977, 26
1761888545.761849, 27
1761888545.776545, 26
1761888545.790936, 26
1761888545.805621, 28
1761888545.820094, 27
1761888545.834742, 26
1761888545.849535, 26
1761888545.864042, 27
1761888545.878893, 25
1761888545.893641, 26
1761888545.907921, 27
1761888545.922454, 27
1761888545.936949, 26
1761888545.951433, 28
1761888545.966362, 27
1761888545.980513, 26
1761888545.994771, 26
1761888546.008932, 27
1761888546.023332, 27
1761888546.038352, 27
1761888546.052979, 27
1761888546.067969, 28
1761888546.082597, 26
1761888546.097951, 26
1761888546.112444, 29
1761888546.127010, 29
1761888546.141304, 28
1761888546.155729, 28
1761888546.170347, 29
1761888546.185073, 28
1761888546.199840, 28
1761888546.214344, 28
1761888546.229417, 28
1761888546.243797, 30
1761888546.258475, 29
1761888546.273331, 29
1761888546.287747, 29
1761888546.302107, 30
1761888546.316056, 30
1761888546.330705, 29
1761888546.344990, 29
1761888546.359225, 29
1761888546.373938, 28
1761888546.388514, 28
1761888546.403034, 28
1761888546.417303, 29
1761888546.432062, 29
1761888546.446191, 29
1761888546.460949, 29
1761888546.475700, 29
1761888546.490308, 28
1761888546.504885, 26
1761888546.519013, 20
1761888546.533247, 14
1761888546.547784, 10
1761888546.562169, 12
1761888546.576363, 11
1761888546.590404, 10
1761888546.605330, 11
1761888546.619904, 12
1761888546.634571, 12
1761888546.649226, 12
1761888546.664074, 12
1761888546.678419, 12
1761888546.692803, 12
1761888546.707529, 13
1761888546.721794, 14
1761888546.736513, 14
1761888546.751056, 13
1761888546.765473, 14
1761888546.780185, 14
1761888546.794595, 14
1761888546.808886, 13
1761888546.823123, 14
1761888546.837379, 14
1761888546.851931, 14
1761888546.866632, 14
1761888546.881380, 14
1761888546.895613, 14
1761888546.910218, 14
1761888546.924428, 15
1761888546.938866, 17
1761888546.953511, 16
1761888546.968223, 15
1761888546.982689, 15
1761888546.997778, 15
1761888547.012441, 15
1761888547.027224, 17
1761888547.041755, 17
1761888547.056763, 17
1761888547.071214, 16
1761888547.085398, 17
1761888547.100124, 17
1761888547.114551, 18
1761888547.128975, 17
1761888547.143749, 17
1761888547.158913, 16
1761888547.173280, 17
1761888547.188106, 17
1761888547.202729, 17
1761888547.217689, 18
1761888547.232516, 18
1761888547.246672, 19
1761888547.261135, 17
1761888547.276084, 17
1761888547.290509, 18
1761888547.305397, 18
1761888547.320204, 19
1761888547.334388, 19
1761888547.348963, 19
1761888547.363618, 19
1761888547.378462, 20
1761888547.393160, 19
1761888547.407601, 19
1761888547.422435, 20
1761888547.436536, 20
1761888547.451072, 20
1761888547.465205, 20
1761888547.480021, 19
1761888547.494912, 19
1761888547.509682, 19
1761888547.524560, 20
1761888547.538849, 21
1761888547.553605, 22
1761888547.568628, 21
1761888547.583472, 20
1761888547.597861, 21
1761888547.612029, 20
1761888547.626369, 21
1761888547.641228, 22
1761888547.656137, 22
1761888547.670547, 21
1761888547.685022, 21
1761888547.700400, 22
1761888547.714841, 21
1761888547.729465, 22
1761888547.743799, 23
1761888547.758442, 23
1761888547.772993, 21
1761888547.787265, 23
1761888547.801856, 23
1761888547.816370, 23
1761888547.831472, 24
1761888547.846025, 23
1761888547.860241, 23
1761888547.874905, 23
1761888547.889257, 23
1761888547.904127, 23
1761888547.918199, 22
1761888547.932464, 24
1761888547.947273, 25
1761888547.961708, 24
1761888547.976349, 24
1761888547.991100, 24
1761888548.005629, 24
1761888548.020159, 24
1761888548.034886, 25
1761888548.049366, 25
1761888548.063919, 25
1761888548.078490, 23
1761888548.093386, 24
1761888548.108045, 24
1761888548.122960, 25
1761888548.137450, 25
1761888548.152482, 26
1761888548.167007, 25
1761888548.181538, 25
1761888548.195836, 24
1761888548.210923, 25
1761888548.225311, 26
1761888548.239801, 26
1761888548.253988, 26
1761888548.268869, 26
1761888548.283386, 27
1761888548.297685, 25
1761888548.312218, 27
1761888548.327074, 27
1761888548.341159, 27
1761888548.355669, 27
1761888548.370772, 27
1761888548.385566, 26
1761888548.400771, 26
1761888548.415415, 26
1761888548.430134, 28
1761888548.445698, 28
1761888548.460008, 28
1761888548.474468, 27
1761888548.489014, 28
1761888548.503660, 27
1761888548.518091, 26
1761888548.532635, 28
1761888548.547185, 28
1761888548.561776, 29
1761888548.576050, 29
1761888548.590813, 28
1761888548.605598, 28
1761888548.620034, 28
1761888548.634494, 28
1761888548.649233, 28
1761888548.663396, 29
1761888548.678305, 28
1761888548.692988, 29
1761888548.707332, 29
1761888548.721968, 28
1761888548.737382, 29
1761888548.751773, 29
1761888548.766687, 29
1761888548.781221, 29
1761888548.795544, 27
1761888548.810462, 28
1761888548.824495, 28
1761888548.839033, 29
1761888548.853923, 29
1761888548.868415, 28
1761888548.882830, 29
1761888548.897871, 28
1761888548.912157, 22
1761888548.926662, 17
1761888548.941086, 12
1761888548.955397, 10
1761888548.969961, 11
1761888548.984390, 12
1761888548.998937, 11
1761888549.013521, 11
1761888549.028270, 12
1761888549.042814, 12
1761888549.057133, 12
1761888549.071925, 13
1761888549.086107, 13
1761888549.100154, 13
1761888549.114733, 13
1761888549.129076, 13
1761888549.143353, 15
1761888549.158049, 14
1761888549.172651, 14
1761888549.187118, 13
1761888549.201604, 14
1761888549.216754, 14
1761888549.231077, 15
1761888549.245595, 16
1761888549.260002, 16
1761888549.274353, 15
1761888549.289480, 14
1761888549.304452, 14
1761888549.319192, 14
1761888549.333961, 15
1761888549.348135, 17
1761888549.363196, 16
1761888549.377798, 15
1761888549.392545, 16
1761888549.407521, 16
1761888549.422612, 16
1761888549.437507, 16
1761888549.452456, 18
1761888549.467463, 17
1761888549.482694, 17
1761888549.497886, 16
1761888549.512407, 16
1761888549.527589, 16
1761888549.542795, 17
1761888549.557358, 17
1761888549.571728, 17
1761888549.586411, 17
1761888549.601053, 17
1761888549.615720, 17
1761888549.630332, 17
1761888549.646022, 19
1761888549.660977, 18
1761888549.676047, 17
1761888549.690276, 18
1761888549.704994, 18
1761888549.720049, 18
1761888549.734720, 19
1761888549.749271, 19
1761888549.764323, 19
1761888549.779393, 18
1761888549.794064, 18
1761888549.808439, 19
1761888549.823210, 19
1761888549.838573, 20
1761888549.853287, 20
1761888549.867879, 20
1761888549.882759, 20
1761888549.897146, 19
1761888549.912301, 21
1761888549.926606, 20
1761888549.940831, 21
1761888549.955078, 22
1761888549.969904, 23
1761888549.984474, 20
1761888549.998819, 21
1761888550.013106, 21
1761888550.027850, 21
1761888550.042187, 21
1761888550.056446, 21
1761888550.071258, 22
1761888550.085511, 21
1761888550.100469, 21
1761888550.114935, 21
1761888550.129515, 21
1761888550.144260, 22
1761888550.159117, 23
1761888550.173779, 23
1761888550.188459, 23
1761888550.202934, 22
1761888550.217331, 22
1761888550.232168, 23
1761888550.247219, 23
1761888550.262336, 24
1761888550.276720, 23
1761888550.291106, 22
1761888550.306572, 22
1761888550.321258, 22
1761888550.335620, 24
1761888550.350232, 24
1761888550.365031, 24
1761888550.379409, 24
1761888550.394293, 24
1761888550.408893, 24
1761888550.423506, 24
1761888550.437653, 24
1761888550.451918, 25
1761888550.466804, 25
1761888550.481586, 24
1761888550.495805, 25
1761888550.510386, 24
1761888550.524603, 24
1761888550.539046, 24
1761888550.553476, 25
1761888550.568007, 25
1761888550.582529, 25
1761888550.597339, 25
1761888550.611387, 24
1761888550.626482, 24
1761888550.640891, 26
1761888550.655512, 26
1761888550.669699, 26
1761888550.683920, 26
1761888550.698224, 27
1761888550.713012, 25
1761888550.727520, 25
1761888550.742016, 27
1761888550.756407, 27
1761888550.771053, 26
1761888550.785563, 26
1761888550.800347, 27
1761888550.815101, 26
1761888550.829924, 27
1761888550.844533, 28
1761888550.859217, 27
1761888550.873859, 29
1761888550.888034, 28
1761888550.902302, 28
1761888550.916814, 26
1761888550.931749, 26
1761888550.946440, 27
1761888550.961233, 28
1761888550.976111, 29
1761888550.990656, 29
1761888551.005424, 29
1761888551.020022, 28
1761888551.034933, 28
1761888551.049325, 28
1761888551.063504, 29
1761888551.078223, 28
1761888551.093100, 30
1761888551.107449, 30
1761888551.121822, 29
1761888551.136470, 29
1761888551.150853, 30
1761888551.165654, 29
1761888551.180157, 28
1761888551.194369, 29
1761888551.208590, 29
1761888551.223060, 28
1761888551.237169, 27
1761888551.251888, 28
1761888551.266520, 29
1761888551.281159, 28
1761888551.295982, 27
1761888551.310808, 23
1761888551.325792, 17
1761888551.340343, 10
1761888551.354492, 12
1761888551.369209, 12
1761888551.383412, 11
1761888551.397954, 12
1761888551.413034, 11
1761888551.427449, 11
1761888551.442032, 11
1761888551.456355, 13
1761888551.471628, 13
1761888551.486109, 12
1761888551.501003, 13
1761888551.515342, 14
1761888551.529792, 13
1761888551.543989, 13
1761888551.558340, 15
1761888551.572284, 14
1761888551.587097, 13
1761888551.601746, 14
1761888551.616058, 13
1761888551.630306, 13
1761888551.645213, 15
1761888551.659563, 16
1761888551.674222, 15
1761888551.688555, 14
1761888551.703108, 15
1761888551.718071, 15
1761888551.732447, 15
1761888551.747384, 17
1761888551.761622, 16
1761888551.776244, 17
1761888551.791113, 16
1761888551.805426, 15
1761888551.819809, 15
1761888551.834364, 16
1761888551.849087, 18
1761888551.863822, 17
1761888551.878682, 17
1761888551.893349, 17
1761888551.907530, 17
1761888551.922247, 17
1761888551.937020, 16
1761888551.951419, 19
1761888551.966073, 19
1761888551.980961, 18
1761888551.996156, 17
1761888552.010579, 17
1761888552.024875, 17
1761888552.039363, 17
1761888552.053796, 18
1761888552.069017, 18
1761888552.083155, 19
1761888552.097749, 19
1761888552.112086, 18
1761888552.127031, 18
1761888552.141401, 18
1761888552.156377, 19
1761888552.170924, 19
1761888552.185484, 19
1761888552.200474, 20
1761888552.215039, 20
1761888552.229699, 19
1761888552.244952, 19
1761888552.259709, 21
1761888552.274097, 21
1761888552.288702, 21
1761888552.303251, 20
1761888552.317586, 20
1761888552.331900, 21
1761888552.346216, 20
1761888552.361518, 21
1761888552.376245, 21
1761888552.390679, 21
1761888552.405388, 20
1761888552.419592, 21
1761888552.434169, 21
1761888552.448402, 22
1761888552.462823, 23
1761888552.477369, 23
1761888552.493191, 22
1761888552.507363, 22
1761888552.521733, 22
1761888552.536004, 22
1761888552.550463, 23
1761888552.565375, 24
1761888552.580009, 23
1761888552.595174, 22
1761888552.610238, 22
1761888552.625461, 22
1761888552.639968, 22
1761888552.654297, 23
1761888552.668874, 23
1761888552.683332, 24
1761888552.697598, 24
1761888552.712751, 23
1761888552.727360, 23
1761888552.741729, 23
1761888552.756416, 25
1761888552.771002, 25
1761888552.785457, 24
1761888552.800653, 24
1761888552.814859, 23
1761888552.829418, 23
1761888552.843855, 24
1761888552.858131, 25
1761888552.872731, 25
1761888552.887242, 26
1761888552.902119, 26
1761888552.916306, 25
1761888552.930519, 24
1761888552.945034, 24
1761888552.959734, 26
1761888552.974375, 27
1761888552.989007, 26
1761888553.003795, 26
1761888553.018628, 25
1761888553.033763, 25
1761888553.047992, 25
1761888553.063150, 26
1761888553.078068, 26
1761888553.093343, 27
1761888553.109177, 27
1761888553.123921, 26
1761888553.138826, 25
1761888553.153279, 26
1761888553.167375, 26
1761888553.182316, 26
1761888553.196744, 27
1761888553.211349, 27
1761888553.225685, 27
1761888553.240046, 27
1761888553.254472, 26
1761888553.268805, 28
1761888553.283396, 27
1761888553.299027, 27
1761888553.313779, 27
1761888553.328449, 27
1761888553.342889, 28
1761888553.357414, 28
1761888553.372031, 28
1761888553.386308, 29
1761888553.401423, 29
1761888553.415643, 29
1761888553.430312, 27
1761888553.445843, 28
1761888553.460014, 29
1761888553.475156, 30
1761888553.489499, 30
1761888553.503902, 29
1761888553.518340, 28
1761888553.532997, 28
1761888553.548072, 28
1761888553.562524, 29
1761888553.577113, 29
1761888553.591623, 29
1761888553.605997, 29
1761888553.620292, 29
1761888553.634974, 28
1761888553.649333, 28
1761888553.663923, 29
1761888553.678226, 29
1761888553.693078, 29
1761888553.707668, 29
1761888553.721893, 29
1761888553.736338, 28
1761888553.750682, 28
1761888553.765343, 29
1761888553.779725, 29
1761888553.794204, 28
1761888553.809280, 29
1761888553.824121, 29
1761888553.838864, 27
1761888553.853407, 28
1761888553.867908, 22
1761888553.882918, 16
1761888553.897392, 11
1761888553.911894, 12
1761888553.926337, 12
1761888553.940551, 12
1761888553.954945, 12
1761888553.969643, 13
1761888553.984217, 13
1761888553.998735, 12
1761888554.013304, 12
1761888554.027768, 12
1761888554.042113, 12
1761888554.056891, 14
1761888554.071484, 14
1761888554.086182, 14
1761888554.100333, 13
1761888554.115133, 13
1761888554.130209, 13
1761888554.144254, 13
1761888554.158424, 14
1761888554.172907, 15
1761888554.187738, 15
1761888554.202241, 14
1761888554.217320, 14
1761888554.231783, 14
1761888554.246099, 14
1761888554.260495, 15
1761888554.274961, 16
1761888554.290061, 16
1761888554.304908, 15
1761888554.319001, 15
1761888554.333243, 16
1761888554.348092, 15
1761888554.362654, 16
1761888554.377313, 17
1761888554.391943, 18
1761888554.406515, 16
1761888554.420943, 16
1761888554.435806, 16
1761888554.449982, 16
1761888554.464134, 16
1761888554.478328, 18
1761888554.493140, 18
1761888554.507848, 17
1761888554.522443, 18
1761888554.537155, 17
1761888554.551716, 17
1761888554.567065, 19
1761888554.581371, 19
1761888554.595612, 20
1761888554.610726, 18
1761888554.625225, 19
1761888554.639248, 19
1761888554.654091, 19
1761888554.668707, 20
1761888554.684005, 19
1761888554.698690, 19
1761888554.713347, 19
1761888554.727504, 19
1761888554.742062, 20
1761888554.757600, 19
1761888554.771716, 21
1761888554.786468, 22
1761888554.800667, 22
1761888554.815195, 20
1761888554.829546, 19
1761888554.843583, 21
1761888554.857806, 21
1761888554.872601, 21
1761888554.887546, 21
1761888554.901930, 21
1761888554.916197, 22
1761888554.931078, 21
1761888554.945741, 21
1761888554.960201, 21
1761888554.975480, 22
1761888554.990038, 22
1761888555.005173, 23
1761888555.019601, 23
1761888555.034197, 22
1761888555.048481, 22
1761888555.062860, 23
1761888555.077875, 24
1761888555.092350, 23
1761888555.108051, 22
1761888555.122318, 24
1761888555.136690, 22
1761888555.151138, 22
1761888555.165336, 22
1761888555.180106, 23
1761888555.195159, 24
1761888555.209613, 24
1761888555.224168, 23
1761888555.238378, 23
1761888555.252471, 23
1761888555.267038, 23
1761888555.281346, 24
1761888555.295662, 24
1761888555.309894, 24
1761888555.325791, 25
1761888555.340624, 24
1761888555.354733, 24
1761888555.369184, 24
1761888555.383498, 26
1761888555.398261, 25
1761888555.412921, 26
1761888555.427241, 25
1761888555.441749, 25
1761888555.456063, 25
1761888555.470575, 24
1761888555.484593, 26
1761888555.499500, 26
1761888555.513722, 26
1761888555.528611, 26
1761888555.543127, 25
1761888555.558261, 25
1761888555.572409, 27
1761888555.586916, 27
1761888555.601886, 26
1761888555.617228, 26
1761888555.632017, 26
1761888555.646199, 25
1761888555.660365, 25
1761888555.674756, 26
1761888555.689479, 26
1761888555.704382, 26
1761888555.719000, 27
1761888555.733208, 27
1761888555.747834, 26
1761888555.762152, 26
1761888555.777494, 27
1761888555.791760, 27
1761888555.806617, 27
1761888555.821135, 27
1761888555.835702, 27
1761888555.849886, 27
1761888555.864933, 28
1761888555.879301, 29
1761888555.893937, 30
1761888555.908782, 29
1761888555.924125, 29
1761888555.938527, 29
1761888555.953690, 28
1761888555.969157, 28
1761888555.983696, 29
1761888555.997994, 29
1761888556.013199, 29
1761888556.027316, 28
1761888556.041605, 30
1761888556.056216, 28
1761888556.070819, 28
1761888556.085248, 29
1761888556.099859, 30
1761888556.114298, 30
1761888556.129035, 29
1761888556.143525, 28
1761888556.158355, 28
1761888556.172773, 29
1761888556.187292, 29
1761888556.201656, 29
1761888556.216321, 29
1761888556.230849, 29
1761888556.245274, 30
1761888556.260954, 28
1761888556.275503, 28
1761888556.290081, 29
1761888556.304203, 29
1761888556.319092, 29
1761888556.333337, 28
1761888556.347971, 27
1761888556.362410, 28
1761888556.376609, 24
1761888556.391354, 19
1761888556.406292, 12
1761888556.420950, 12
1761888556.436282, 12
1761888556.450782, 12
1761888556.465183, 11
1761888556.480125, 14
1761888556.494437, 14
1761888556.508811, 13
1761888556.523407, 13
1761888556.537570, 12
1761888556.552435, 13
1761888556.567294, 13
1761888556.581863, 15
1761888556.596707, 15
1761888556.611487, 15
1761888556.625636, 12
1761888556.640667, 13
1761888556.655101, 13
1761888556.669560, 14
1761888556.684150, 15
1761888556.699248, 15
1761888556.713748, 15
1761888556.728391, 15
1761888556.742985, 14
1761888556.757367, 14
1761888556.771942, 15
1761888556.786496, 16
1761888556.801218, 16
1761888556.815363, 17
1761888556.829788, 16
1761888556.844077, 15
1761888556.858300, 15
1761888556.873453, 16
1761888556.887859, 17
1761888556.902701, 18
1761888556.916968, 17
1761888556.931443, 16
1761888556.945984, 16
1761888556.960756, 15
1761888556.975364, 16
1761888556.989561, 18
1761888557.004122, 18
1761888557.019198, 18
1761888557.033487, 17
1761888557.047980, 17
1761888557.062332, 18
1761888557.077010, 17
1761888557.091857, 18
1761888557.106313, 19
1761888557.120756, 19
1761888557.134945, 18
1761888557.149503, 18
1761888557.164109, 18
1761888557.178721, 18
1761888557.193634, 19
1761888557.207914, 19
1761888557.222878, 20
1761888557.237623, 19
1761888557.252098, 19
1761888557.266436, 19
1761888557.281489, 20
1761888557.295861, 22
1761888557.310525, 22
1761888557.325128, 21
1761888557.340031, 20
1761888557.354603, 20
1761888557.369344, 20
1761888557.383714, 21
1761888557.398140, 21
1761888557.412759, 22
1761888557.427130, 21
1761888557.441864, 22
1761888557.457197, 21
1761888557.471483, 21
1761888557.486135, 23
1761888557.500561, 22
1761888557.515043, 22
1761888557.529397, 22
1761888557.544200, 22
1761888557.559067, 22
1761888557.573368, 23
1761888557.588032, 24
1761888557.602396, 23
1761888557.617320, 22
1761888557.631863, 23
1761888557.646780, 23
1761888557.661647, 23
1761888557.675835, 22
1761888557.690124, 24
1761888557.704707, 24
1761888557.719170, 24
1761888557.733373, 24
1761888557.748528, 24
1761888557.763172, 22
1761888557.777364, 23
1761888557.791679, 24
1761888557.806282, 25
1761888557.820958, 25
1761888557.835316, 24
1761888557.849522, 24
1761888557.864678, 24
1761888557.879096, 24
1761888557.894199, 25
1761888557.908499, 25
1761888557.922787, 26
1761888557.938510, 26
1761888557.953008, 25
1761888557.967246, 25
1761888557.981953, 25
1761888557.996310, 26
1761888558.010736, 26
1761888558.024960, 26
1761888558.039912, 26
1761888558.054298, 24
1761888558.069051, 26
1761888558.083467, 25
1761888558.097823, 27
1761888558.112387, 27
1761888558.126866, 27
1761888558.141667, 27
1761888558.156593, 26
1761888558.171129, 26
1761888558.185761, 25
1761888558.200376, 26
1761888558.215219, 26
1761888558.229396, 28
1761888558.243655, 28
1761888558.257895, 27
1761888558.272825, 26
1761888558.286919, 26
1761888558.300859, 27
1761888558.315572, 27
1761888558.330542, 28
1761888558.344776, 29
1761888558.359170, 27
1761888558.373464, 27
1761888558.388215, 27
1761888558.402667, 29
1761888558.417426, 29
1761888558.431381, 28
1761888558.446205, 28
1761888558.461466, 28
1761888558.475719, 28
1761888558.490409, 29
1761888558.505322, 30
1761888558.520148, 30
1761888558.534365, 29
1761888558.548614, 29
1761888558.563075, 28
1761888558.577431, 28
1761888558.591865, 30
1761888558.606638, 29
1761888558.621346, 29
1761888558.635844, 29
1761888558.650010, 30
1761888558.664546, 29
1761888558.679183, 29
1761888558.693254, 29
1761888558.708486, 30
1761888558.722933, 30
1761888558.737302, 30
1761888558.751826, 30
1761888558.766703, 28
1761888558.781045, 29
1761888558.795064, 29
1761888558.809244, 30
1761888558.824623, 28
1761888558.838826, 29
1761888558.852987, 29
1761888558.867652, 28
1761888558.883046, 25
1761888558.897666, 21
1761888558.912428, 15
1761888558.926634, 10
1761888558.941725, 11
1761888558.956285, 11
1761888558.970954, 11
1761888558.985247, 12
1761888559.000150, 13
1761888559.014733, 13
1761888559.029569, 13
1761888559.044024, 12
1761888559.058624, 12
1761888559.073137, 12
1761888559.087699, 14
1761888559.102251, 14
1761888559.116934, 15
1761888559.131596, 13
1761888559.146589, 14
1761888559.161192, 14
1761888559.175831, 15
1761888559.190526, 15
1761888559.204744, 16
1761888559.219330, 15
1761888559.233884, 15
1761888559.248654, 15
1761888559.263297, 15
1761888559.277536, 16
1761888559.292000, 15
1761888559.306802, 17
1761888559.321144, 17
1761888559.335405, 16
1761888559.349900, 15
1761888559.363973, 15
1761888559.378219, 16
1761888559.392751, 16
1761888559.406877, 17
1761888559.421764, 17
1761888559.436427, 16
1761888559.451325, 16
1761888559.466021, 16
1761888559.480773, 16
1761888559.496019, 17
1761888559.510668, 19
1761888559.525326, 19
1761888559.539899, 17
1761888559.554312, 18
1761888559.569282, 17
1761888559.583943, 17
1761888559.598300, 19
1761888559.612364, 19
1761888559.626917, 20
1761888559.641449, 19
1761888559.656022, 18
1761888559.670446, 19
1761888559.685349, 19
1761888559.699625, 20
1761888559.714195, 20
1761888559.728846, 21
1761888559.743740, 19
1761888559.758486, 19
1761888559.773331, 19
1761888559.787573, 19
1761888559.802200, 22
1761888559.816434, 21
1761888559.830799, 20
1761888559.845521, 20
1761888559.859818, 20
1761888559.874482, 20
1761888559.889339, 20
1761888559.903874, 21
1761888559.918194, 22
1761888559.932461, 21
1761888559.946882, 22
1761888559.960976, 22
1761888559.976026, 22
1761888559.990692, 22
1761888560.006019, 22
1761888560.020428, 23
1761888560.035202, 23
1761888560.049662, 23
1761888560.064185, 21
1761888560.078366, 22
1761888560.092667, 21
1761888560.107856, 24
1761888560.122133, 23
1761888560.137097, 23
1761888560.151186, 23
1761888560.165499, 23
1761888560.180160, 23
1761888560.194971, 22
1761888560.209272, 24
1761888560.224379, 24
1761888560.238795, 23
1761888560.252870, 24
1761888560.268325, 22
1761888560.282691, 24
1761888560.297374, 23
1761888560.312354, 24
1761888560.326371, 25
1761888560.340972, 24
1761888560.356135, 24
1761888560.370330, 24
1761888560.384969, 24
1761888560.399415, 23
1761888560.414405, 24
1761888560.429244, 25
1761888560.444037, 25
1761888560.458196, 25
1761888560.472647, 24
1761888560.488329, 25
1761888560.502614, 24
1761888560.517253, 25
1761888560.532033, 25
1761888560.546576, 27
1761888560.561456, 26
1761888560.576431, 25
1761888560.590918, 26
1761888560.605629, 27
1761888560.620939, 27
1761888560.635537, 27
1761888560.650358, 27
1761888560.665120, 26
1761888560.679678, 27
1761888560.694270, 26
1761888560.708854, 26
1761888560.723043, 26
1761888560.737744, 27
1761888560.752750, 27
1761888560.767350, 28
1761888560.782660, 26
1761888560.796948, 27
1761888560.811414, 27
1761888560.825733, 27
1761888560.840838, 27
1761888560.855282, 27
1761888560.870627, 26
1761888560.885551, 26
1761888560.900638, 27
1761888560.915966, 29
1761888560.930360, 28
1761888560.944927, 29
1761888560.960660, 28
1761888560.974725, 28
1761888560.989321, 27
1761888561.004328, 27
1761888561.018394, 30
1761888561.032938, 29
1761888561.047359, 30
1761888561.062184, 29
1761888561.077479, 28
1761888561.092317, 28
1761888561.106816, 28
1761888561.121379, 29
1761888561.136680, 30
1761888561.150760, 29
1761888561.164790, 29
1761888561.179622, 28
1761888561.194131, 28
1761888561.208749, 28
1761888561.223222, 28
1761888561.238013, 24
1761888561.252736, 17
1761888561.267462, 12
1761888561.282519, 11
1761888561.297420, 11
1761888561.312352, 12
1761888561.326645, 13
1761888561.341540, 11
1761888561.355623, 11
1761888561.370274, 11
1761888561.384525, 12
1761888561.398605, 13
1761888561.413013, 14
1761888561.427792, 14
1761888561.442352, 13
1761888561.457282, 13
1761888561.471689, 13
1761888561.486146, 14
1761888561.500684, 14
1761888561.515829, 15
1761888561.529963, 15
1761888561.544727, 14
1761888561.559573, 13
1761888561.573868, 15
1761888561.588426, 15
1761888561.603041, 15
1761888561.617409, 16
1761888561.632340, 16
1761888561.646567, 16
1761888561.660732, 14
1761888561.674914, 15
1761888561.689771, 15
1761888561.704683, 15
1761888561.719978, 17
1761888561.733953, 17
1761888561.748963, 16
1761888561.763676, 15
1761888561.778258, 16
1761888561.792828, 17
1761888561.806974, 16
1761888561.821381, 18
1761888561.835659, 18
1761888561.850290, 18
1761888561.864610, 17
1761888561.879196, 17
1761888561.893534, 17
1761888561.908209, 18
1761888561.922993, 18
1761888561.937812, 19
1761888561.952101, 19
1761888561.966496, 18
1761888561.980858, 18
1761888561.995085, 18
1761888562.010082, 18
1761888562.024780, 19
1761888562.039038, 20
1761888562.053608, 19
1761888562.068186, 18
1761888562.082354, 19
1761888562.097690, 19
1761888562.112342, 19
1761888562.126997, 19
1761888562.141975, 20
1761888562.156667, 20
1761888562.171389, 19
1761888562.186239, 20
1761888562.200679, 20
1761888562.215940, 20
1761888562.230720, 21
1761888562.245177, 21
1761888562.259568, 21
1761888562.273937, 20
1761888562.288542, 20
1761888562.303035, 20
1761888562.317519, 21
1761888562.331993, 21
1761888562.347162, 23
1761888562.361224, 23
1761888562.375530, 21
1761888562.389805, 21
1761888562.404463, 21
1761888562.419232, 21
1761888562.433775, 23
1761888562.448111, 23
1761888562.463044, 23
1761888562.477221, 22
1761888562.491847, 22
1761888562.506301, 22
1761888562.521522, 22
1761888562.536911, 23
1761888562.551077, 23
1761888562.565679, 23
1761888562.580581, 23
1761888562.595213, 22
1761888562.609762, 24
1761888562.624601, 25
1761888562.639443, 24
1761888562.654729, 24
1761888562.669485, 24
1761888562.684047, 24
1761888562.698987, 23
1761888562.714421, 23
1761888562.728706, 24
1761888562.743269, 24
1761888562.757513, 24
1761888562.771864, 25
1761888562.786200, 24
1761888562.800451, 25
1761888562.814581, 24
1761888562.829915, 27
1761888562.844394, 26
1761888562.858747, 25
1761888562.873422, 25
1761888562.887651, 25
1761888562.902255, 26
1761888562.916406, 26
1761888562.930852, 27
1761888562.945689, 26
1761888562.960052, 26
1761888562.974451, 26
1761888562.988970, 25
1761888563.003717, 25
1761888563.018281, 25
1761888563.033099, 27
1761888563.047557, 26
1761888563.062321, 26
1761888563.076805, 26
1761888563.091008, 25
1761888563.105418, 25
1761888563.119876, 25
1761888563.134302, 27
1761888563.148930, 28
1761888563.163241, 28
1761888563.177394, 27
1761888563.191507, 27
1761888563.206084, 26
1761888563.220300, 26
1761888563.234570, 27
1761888563.249151, 27
1761888563.264110, 29
1761888563.278780, 28
1761888563.293792, 28
1761888563.308347, 29
1761888563.323239, 28
1761888563.337877, 29
1761888563.352700, 28
1761888563.367264, 29
1761888563.381660, 28
1761888563.395864, 29
1761888563.410601, 29
1761888563.425428, 30
1761888563.440253, 29
1761888563.454195, 29
1761888563.468835, 29
1761888563.483221, 29
1761888563.497829, 28
1761888563.513046, 29
1761888563.527546, 30
1761888563.542024, 30
1761888563.556839, 30
1761888563.571319, 30
1761888563.585545, 29
1761888563.599954, 28
1761888563.615086, 29
1761888563.629928, 29
1761888563.644865, 30
1761888563.659243, 29
1761888563.673663, 30
1761888563.687885, 29
1761888563.702529, 29
1761888563.716728, 29
1761888563.730961, 29
1761888563.745452, 29
1761888563.760014, 29
1761888563.774573, 29
1761888563.788976, 28
1761888563.803772, 21
1761888563.818234, 15
1761888563.832912, 12
1761888563.847938, 12
1761888563.862951, 11
1761888563.877492, 11
1761888563.892532, 12
1761888563.907333, 12
1761888563.921982, 12
1761888563.936730, 13
1761888563.951196, 13
1761888563.965618, 12
1761888563.979865, 12
1761888563.993973, 13
1761888564.008807, 13
1761888564.022898, 13
1761888564.037638, 14
1761888564.052521, 14
1761888564.067001, 13
1761888564.081380, 13
1761888564.095643, 15
1761888564.109979, 14
1761888564.124540, 14
1761888564.139353, 15
1761888564.153840, 15
1761888564.168650, 14
1761888564.183169, 14
1761888564.197972, 15
1761888564.212466, 15
1761888564.226816, 16
1761888564.240980, 17
1761888564.255394, 17
1761888564.269811, 16
1761888564.284829, 15
1761888564.298870, 16
1761888564.313855, 16
1761888564.328793, 16
1761888564.343252, 18
1761888564.357258, 18
1761888564.371715, 18
1761888564.386184, 17
1761888564.400977, 17
1761888564.415347, 18
1761888564.430239, 17
1761888564.444401, 19
1761888564.459547, 18
1761888564.473772, 19
1761888564.488028, 18
1761888564.502680, 17
1761888564.517311, 18
1761888564.531488, 19
1761888564.546188, 20
1761888564.560987, 20
1761888564.575017, 19
1761888564.589340, 19
1761888564.604355, 19
1761888564.618777, 19
1761888564.632993, 20
1761888564.647320, 21
1761888564.661904, 21
1761888564.676122, 20
1761888564.691091, 20
1761888564.705375, 19
1761888564.719770, 21
1761888564.734128, 22
1761888564.748510, 21
1761888564.762966, 20
1761888564.777634, 21
1761888564.792192, 20
1761888564.806533, 20
1761888564.820672, 20
1761888564.835545, 21
1761888564.849846, 22
1761888564.864254, 22
1761888564.878991, 22
1761888564.893538, 21
1761888564.908027, 21
1761888564.923106, 22
1761888564.937474, 23
1761888564.952426, 23
1761888564.966816, 23
1761888564.981264, 23
1761888564.995620, 21
1761888565.010034, 21
1761888565.024148, 23
1761888565.038336, 23
1761888565.053361, 24
1761888565.067756, 24
1761888565.082489, 23
1761888565.096674, 23
1761888565.111215, 23
1761888565.125347, 22
1761888565.139929, 23
1761888565.154806, 24
1761888565.169316, 24
1761888565.184572, 23
1761888565.199182, 24
1761888565.213292, 23
1761888565.228188, 24
1761888565.243101, 24
1761888565.257633, 24
1761888565.272281, 25
1761888565.286285, 25
1761888565.301089, 24
1761888565.315793, 24
1761888565.330114, 24
1761888565.345110, 24
1761888565.359578, 26
1761888565.374440, 25
1761888565.388953, 25
1761888565.403537, 24
1761888565.418024, 24
1761888565.433062, 24
1761888565.447760, 26
1761888565.462986, 27
1761888565.478172, 27
1761888565.492380, 26
1761888565.507177, 26
1761888565.521784, 25
1761888565.536148, 25
1761888565.551183, 27
1761888565.565810, 26
1761888565.580047, 27
1761888565.595718, 27
1761888565.610012, 27
1761888565.624196, 26
1761888565.638352, 25
1761888565.652658, 27
1761888565.666758, 27
1761888565.681352, 27
1761888565.695662, 28
1761888565.710280, 26
1761888565.725098, 26
1761888565.740028, 26
1761888565.754586, 27
1761888565.769111, 27
1761888565.783499, 27
1761888565.798085, 28
1761888565.812167, 28
1761888565.826683, 27
1761888565.841121, 28
1761888565.856151, 29
1761888565.870260, 29
1761888565.884790, 28
1761888565.899140, 28
1761888565.913528, 27
1761888565.927710, 29
1761888565.942120, 28
1761888565.956601, 30
1761888565.971391, 30
1761888565.985729, 30
1761888565.999989, 28
1761888566.014370, 28
1761888566.028852, 27
1761888566.043248, 29
1761888566.057759, 29
1761888566.072428, 29
1761888566.086849, 29
1761888566.101683, 28
1761888566.116091, 28
1761888566.130100, 28
1761888566.144498, 26
1761888566.158794, 20
1761888566.173411, 14
1761888566.187978, 11
1761888566.202795, 11
1761888566.217416, 11
1761888566.231776, 12
1761888566.246253, 13
1761888566.260366, 13
1761888566.274931, 12
1761888566.289375, 13
1761888566.303850, 13
1761888566.318659, 12
1761888566.333805, 12
1761888566.348223, 13
1761888566.362484, 13
1761888566.377496, 12
1761888566.392082, 13
1761888566.406681, 13
1761888566.420702, 14
1761888566.434987, 13
1761888566.449512, 15
1761888566.464099, 14
1761888566.478885, 16
1761888566.493296, 14
1761888566.508470, 14
1761888566.523039, 14
1761888566.537533, 14
1761888566.552012, 15
1761888566.567016, 15
1761888566.581227, 16
1761888566.595865, 15
1761888566.610387, 15
1761888566.624763, 15
1761888566.639257, 15
1761888566.653340, 17
1761888566.667882, 17
1761888566.682642, 16
1761888566.697491, 16
1761888566.711787, 16
1761888566.726458, 16
1761888566.741154, 16
1761888566.756412, 18
1761888566.770634, 17
1761888566.785300, 17
1761888566.799313, 16
1761888566.813872, 17
1761888566.828043, 17
1761888566.842752, 17
1761888566.857296, 18
1761888566.871697, 19
1761888566.886132, 19
1761888566.901613, 17
1761888566.916216, 17
1761888566.930753, 18
1761888566.945810, 19
1761888566.960929, 20
1761888566.975764, 20
1761888566.990193, 20
1761888567.004596, 19
1761888567.018790, 19
1761888567.032903, 19
1761888567.047692, 19
1761888567.062304, 21
1761888567.076732, 21
1761888567.091234, 21
1761888567.105797, 20
1761888567.120007, 20
1761888567.134737, 20
1761888567.149492, 20
1761888567.163760, 21
