1761886397.467759, 0
1761886397.482784, 0
1761886397.498163, 2
1761886397.512908, 0
1761886397.527567, 2
1761886397.542231, 6
1761886397.557363, 2
1761886397.572464, 9
1761886397.586817, 9
1761886397.601488, 9
1761886397.616256, 9
1761886397.630905, 9
1761886397.645619, 9
1761886397.660367, 7
1761886397.675209, 9
1761886397.689762, 8
1761886397.704357, 7
1761886397.718585, 9
1761886397.734376, 7
1761886397.748944, 8
1761886397.763590, 7
1761886397.778377, 9
1761886397.793242, 7
1761886397.807816, 3
1761886397.822952, 1
1761886397.837888, 3
1761886397.852942, 4
1761886397.867501, 2
1761886397.882563, 3
1761886397.897281, 2
1761886397.911713, 3
1761886397.926028, 3
1761886397.940496, 3
1761886397.954715, 5
1761886397.969071, 5
1761886397.983678, 5
1761886397.998351, 5
1761886398.013513, 5
1761886398.027855, 6
1761886398.042792, 5
1761886398.057336, 5
1761886398.071802, 6
1761886398.086050, 7
1761886398.100470, 6
1761886398.114816, 6
1761886398.129966, 7
1761886398.144530, 7
1761886398.158886, 7
1761886398.173405, 7
1761886398.187915, 10
1761886398.202262, 8
1761886398.216698, 8
1761886398.231117, 8
1761886398.245999, 10
1761886398.260573, 9
1761886398.274903, 8
1761886398.289366, 9
1761886398.303938, 10
1761886398.318529, 8
1761886398.333232, 8
1761886398.347613, 6
1761886398.362252, 2
1761886398.376392, 1
1761886398.390870, 2
1761886398.405149, 1
1761886398.420007, 3
1761886398.434624, 2
1761886398.448950, 2
1761886398.463404, 3
1761886398.477834, 4
1761886398.492382, 4
1761886398.506843, 4
1761886398.521116, 4
1761886398.535511, 5
1761886398.550838, 5
1761886398.565430, 5
1761886398.579915, 6
1761886398.594228, 8
1761886398.608737, 6
1761886398.623084, 6
1761886398.637598, 6
1761886398.651740, 6
1761886398.666477, 6
1761886398.681337, 7
1761886398.695547, 8
1761886398.709860, 7
1761886398.724437, 7
1761886398.738775, 7
1761886398.752975, 8
1761886398.767634, 8
1761886398.781907, 9
1761886398.795942, 10
1761886398.810441, 9
1761886398.825099, 8
1761886398.839156, 8
1761886398.853943, 7
1761886398.868723, 2
1761886398.882809, 2
1761886398.897395, 3
1761886398.911666, 2
1761886398.925914, 3
1761886398.940773, 3
1761886398.954846, 3
1761886398.969429, 4
1761886398.984084, 4
1761886398.998632, 4
1761886399.012992, 4
1761886399.027714, 5
1761886399.042418, 4
1761886399.057399, 5
1761886399.071872, 6
1761886399.086235, 6
1761886399.100869, 7
1761886399.115061, 6
1761886399.129860, 7
1761886399.144673, 7
1761886399.158930, 7
1761886399.173238, 7
1761886399.187712, 9
1761886399.202268, 9
1761886399.217729, 8
1761886399.232139, 8
1761886399.246323, 9
1761886399.260661, 7
1761886399.275109, 8
1761886399.289111, 10
1761886399.303654, 10
1761886399.318359, 9
1761886399.332637, 10
1761886399.347202, 10
1761886399.361413, 9
1761886399.375795, 10
1761886399.390490, 10
1761886399.404921, 10
1761886399.419532, 10
1761886399.433984, 9
1761886399.448225, 7
1761886399.462648, 1
1761886399.477993, 2
1761886399.492740, 3
1761886399.507383, 2
1761886399.521955, 2
1761886399.536193, 3
1761886399.550939, 3
1761886399.565149, 4
1761886399.580301, 3
1761886399.594907, 5
1761886399.609081, 3
1761886399.623330, 4
1761886399.638077, 5
1761886399.652391, 5
1761886399.666529, 6
1761886399.680804, 5
1761886399.694961, 7
1761886399.709611, 6
1761886399.724265, 6
1761886399.738541, 8
1761886399.753035, 8
1761886399.767522, 7
1761886399.781874, 7
1761886399.796274, 8
1761886399.810794, 7
1761886399.825517, 7
1761886399.839906, 8
1761886399.854069, 9
1761886399.868706, 9
1761886399.883076, 9
1761886399.897496, 10
1761886399.912044, 10
1761886399.926461, 9
1761886399.940677, 9
1761886399.955174, 8
1761886399.969546, 3
1761886399.983864, 2
1761886399.998603, 3
1761886400.013086, 2
1761886400.027801, 3
1761886400.042319, 3
1761886400.057001, 2
1761886400.071389, 3
1761886400.085610, 3
1761886400.099837, 4
1761886400.114648, 3
1761886400.128841, 4
1761886400.143883, 4
1761886400.158162, 4
1761886400.172355, 5
1761886400.186649, 5
1761886400.201688, 6
1761886400.216325, 5
1761886400.230965, 6
1761886400.245242, 6
1761886400.259900, 7
1761886400.274638, 7
1761886400.289483, 6
1761886400.303877, 8
1761886400.318418, 7
1761886400.332652, 8
1761886400.346870, 9
1761886400.361661, 9
1761886400.375998, 7
1761886400.390426, 8
1761886400.405070, 9
1761886400.419477, 8
1761886400.434036, 9
1761886400.448304, 9
1761886400.462816, 10
1761886400.477613, 10
1761886400.491966, 9
1761886400.506079, 10
1761886400.520751, 9
1761886400.535344, 8
1761886400.549717, 8
1761886400.563836, 6
1761886400.578322, 3
1761886400.592412, 2
1761886400.607734, 4
1761886400.622323, 3
1761886400.636925, 4
1761886400.651463, 3
1761886400.665824, 3
1761886400.680355, 4
1761886400.694582, 4
1761886400.708972, 4
1761886400.723541, 5
1761886400.738144, 4
1761886400.752459, 4
1761886400.767206, 4
1761886400.781439, 6
1761886400.796076, 7
1761886400.810308, 7
1761886400.825076, 6
1761886400.839472, 7
1761886400.853801, 7
1761886400.868484, 7
1761886400.883023, 7
1761886400.897750, 8
1761886400.912329, 8
1761886400.926539, 7
1761886400.941282, 8
1761886400.956081, 9
1761886400.970564, 9
1761886400.984734, 8
1761886400.999304, 8
1761886401.013556, 10
1761886401.028483, 9
1761886401.043062, 9
1761886401.058210, 8
1761886401.072770, 3
1761886401.087167, 2
1761886401.102593, 4
1761886401.117451, 1
1761886401.132094, 3
1761886401.146595, 2
1761886401.161412, 2
1761886401.175857, 3
1761886401.190718, 3
1761886401.205082, 4
1761886401.219424, 3
1761886401.233989, 4
1761886401.248099, 4
1761886401.262594, 4
1761886401.277279, 6
1761886401.291715, 5
1761886401.306153, 6
1761886401.320346, 5
1761886401.334671, 7
1761886401.349146, 6
1761886401.363799, 7
1761886401.378629, 6
1761886401.393202, 7
1761886401.407968, 9
1761886401.422264, 7
1761886401.436622, 7
1761886401.451003, 8
1761886401.465781, 9
1761886401.480518, 7
1761886401.495322, 9
1761886401.509596, 9
1761886401.524541, 9
1761886401.538473, 8
1761886401.553083, 10
1761886401.567307, 10
1761886401.581520, 10
1761886401.595989, 10
1761886401.610243, 9
1761886401.624608, 9
1761886401.638825, 8
1761886401.653471, 7
1761886401.668087, 7
1761886401.682258, 3
1761886401.696906, 2
1761886401.711627, 3
1761886401.726078, 3
1761886401.741317, 3
1761886401.756373, 3
1761886401.770746, 3
1761886401.784997, 4
1761886401.800286, 5
1761886401.814370, 4
1761886401.829687, 4
1761886401.844811, 5
1761886401.859564, 5
1761886401.874299, 5
1761886401.888470, 5
1761886401.903022, 6
1761886401.917949, 7
1761886401.932618, 6
1761886401.947795, 6
1761886401.962440, 6
1761886401.978197, 7
1761886401.993396, 8
1761886402.008147, 8
1761886402.023077, 8
1761886402.037948, 7
1761886402.052387, 8
1761886402.067134, 8
1761886402.081470, 8
1761886402.096656, 8
1761886402.110922, 9
1761886402.125141, 9
1761886402.140357, 8
1761886402.154874, 8
1761886402.169633, 8
1761886402.183886, 8
1761886402.198025, 2
1761886402.212606, 3
1761886402.227221, 1
1761886402.241598, 3
1761886402.256462, 3
1761886402.271056, 2
1761886402.285551, 3
1761886402.299984, 4
1761886402.315065, 4
1761886402.329301, 3
1761886402.343739, 3
1761886402.357887, 4
1761886402.372398, 4
1761886402.387053, 4
1761886402.401392, 5
1761886402.415797, 6
1761886402.430288, 5
1761886402.444853, 5
1761886402.460016, 7
1761886402.474904, 5
1761886402.489406, 6
1761886402.503738, 8
1761886402.518434, 8
1761886402.532886, 7
1761886402.546925, 7
1761886402.561590, 8
1761886402.576103, 8
1761886402.590598, 7
1761886402.605153, 8
1761886402.620109, 9
1761886402.634392, 8
1761886402.648623, 8
1761886402.662816, 9
1761886402.677108, 10
1761886402.691540, 9
1761886402.706106, 9
1761886402.721017, 9
1761886402.735240, 9
1761886402.749779, 8
1761886402.765005, 8
1761886402.779551, 5
1761886402.795067, 4
1761886402.809888, 2
1761886402.824015, 3
1761886402.838613, 2
1761886402.853382, 3
1761886402.867652, 3
1761886402.881874, 3
1761886402.896896, 4
1761886402.911731, 4
1761886402.926041, 4
1761886402.940292, 4
1761886402.954599, 5
1761886402.969389, 5
1761886402.984283, 6
1761886402.998613, 5
1761886403.012747, 7
1761886403.027441, 6
1761886403.041621, 6
1761886403.056163, 6
1761886403.070898, 6
1761886403.085944, 6
1761886403.100356, 7
1761886403.114921, 7
1761886403.129566, 8
1761886403.144249, 7
1761886403.159339, 7
1761886403.173911, 9
1761886403.188761, 9
1761886403.203089, 8
1761886403.217487, 9
1761886403.232087, 10
1761886403.246697, 9
1761886403.261410, 8
1761886403.275711, 9
1761886403.290477, 8
1761886403.304902, 2
1761886403.319435, 3
1761886403.333970, 2
1761886403.348442, 2
1761886403.362800, 4
1761886403.377222, 2
1761886403.391462, 3
1761886403.406286, 3
1761886403.420901, 3
1761886403.435273, 4
1761886403.449607, 4
1761886403.464528, 4
1761886403.479074, 3
1761886403.493413, 4
1761886403.508159, 5
1761886403.522999, 6
1761886403.537167, 5
1761886403.551338, 5
1761886403.565854, 7
1761886403.580214, 6
1761886403.595095, 6
1761886403.609848, 7
1761886403.624402, 8
1761886403.638539, 7
1761886403.653444, 8
1761886403.667822, 7
1761886403.682329, 8
1761886403.697531, 7
1761886403.711988, 7
1761886403.726512, 9
1761886403.741132, 10
1761886403.755702, 9
1761886403.770279, 9
1761886403.785420, 9
1761886403.800018, 9
1761886403.814542, 10
1761886403.829206, 10
1761886403.843821, 10
1761886403.858392, 9
1761886403.872654, 8
1761886403.887032, 7
1761886403.901666, 3
1761886403.916126, 1
1761886403.930619, 3
1761886403.945094, 2
1761886403.960089, 2
1761886403.974342, 4
1761886403.988551, 3
1761886404.003019, 4
1761886404.018270, 4
1761886404.032854, 6
1761886404.047787, 5
1761886404.062350, 6
1761886404.077152, 5
1761886404.091764, 6
1761886404.106213, 5
1761886404.120953, 7
1761886404.135727, 7
1761886404.150219, 6
1761886404.165034, 6
1761886404.179810, 6
1761886404.194290, 6
1761886404.209292, 7
1761886404.223840, 7
1761886404.238366, 8
1761886404.252813, 7
1761886404.267465, 8
1761886404.282293, 8
1761886404.297148, 7
1761886404.311682, 8
1761886404.326234, 9
1761886404.341175, 9
1761886404.355877, 8
1761886404.370169, 8
1761886404.384665, 7
1761886404.399273, 1
1761886404.414039, 2
1761886404.428136, 3
1761886404.442888, 1
1761886404.457125, 3
1761886404.471390, 3
1761886404.486465, 3
1761886404.500726, 4
1761886404.515336, 3
1761886404.530132, 4
1761886404.544594, 4
1761886404.558825, 4
1761886404.573430, 4
1761886404.587655, 4
1761886404.602336, 5
1761886404.616768, 5
1761886404.631551, 6
1761886404.645897, 5
1761886404.661146, 6
1761886404.675884, 7
1761886404.690812, 7
1761886404.705239, 7
1761886404.719614, 8
1761886404.734157, 7
1761886404.748449, 7
1761886404.763113, 7
1761886404.778223, 8
1761886404.793029, 8
1761886404.807352, 9
1761886404.821507, 9
1761886404.836168, 9
1761886404.851661, 8
1761886404.865667, 10
1761886404.879770, 10
1761886404.894212, 10
1761886404.908332, 10
1761886404.923393, 10
1761886404.938074, 9
1761886404.952991, 8
1761886404.967583, 8
1761886404.981888, 7
1761886404.996644, 2
1761886405.011397, 2
1761886405.026294, 2
1761886405.041448, 2
1761886405.056195, 4
1761886405.070746, 3
1761886405.085410, 4
1761886405.099847, 3
1761886405.114243, 4
1761886405.128531, 4
1761886405.142448, 5
1761886405.157516, 5
1761886405.172089, 5
1761886405.186354, 4
1761886405.200632, 5
1761886405.214843, 6
1761886405.229842, 6
1761886405.245131, 7
1761886405.259258, 6
1761886405.273671, 6
1761886405.288631, 6
1761886405.302864, 8
1761886405.317515, 7
1761886405.331740, 8
1761886405.345990, 9
1761886405.360622, 8
1761886405.375186, 9
1761886405.389479, 8
1761886405.403610, 7
1761886405.417834, 8
1761886405.432460, 10
1761886405.446804, 9
1761886405.461349, 8
1761886405.476148, 8
1761886405.490651, 8
1761886405.505570, 2
1761886405.519693, 3
1761886405.534352, 2
1761886405.548741, 2
1761886405.563241, 4
1761886405.577783, 3
1761886405.592757, 2
1761886405.607483, 3
1761886405.622310, 3
1761886405.636426, 4
1761886405.651142, 4
1761886405.665606, 5
1761886405.679907, 5
1761886405.694034, 4
1761886405.709298, 6
1761886405.723927, 5
1761886405.738055, 6
1761886405.752689, 5
1761886405.767072, 7
1761886405.781404, 7
1761886405.795826, 6
1761886405.810229, 6
1761886405.824471, 8
1761886405.838584, 8
1761886405.853040, 9
1761886405.867371, 9
1761886405.881908, 8
1761886405.896235, 8
1761886405.910664, 8
1761886405.924994, 9
1761886405.939547, 9
1761886405.954211, 10
1761886405.968337, 9
1761886405.983283, 10
1761886405.997640, 10
1761886406.012467, 9
1761886406.027296, 10
1761886406.041933, 9
1761886406.056621, 9
1761886406.071830, 9
1761886406.086372, 7
1761886406.100841, 2
1761886406.115694, 3
1761886406.130034, 2
1761886406.144411, 4
1761886406.158781, 3
1761886406.173111, 3
1761886406.187797, 3
1761886406.202101, 3
1761886406.216693, 4
1761886406.231345, 3
1761886406.245962, 6
1761886406.260922, 4
1761886406.275447, 5
1761886406.290405, 5
1761886406.305014, 6
1761886406.319368, 7
1761886406.333720, 6
1761886406.348444, 7
1761886406.363033, 6
1761886406.377860, 6
1761886406.392520, 7
1761886406.406799, 6
1761886406.421772, 8
1761886406.436732, 8
1761886406.451196, 8
1761886406.466218, 8
1761886406.480858, 8
1761886406.494946, 7
1761886406.509520, 7
1761886406.523920, 8
1761886406.538230, 9
1761886406.553105, 8
1761886406.568000, 10
1761886406.582390, 10
1761886406.596825, 9
1761886406.611218, 10
1761886406.625988, 10
1761886406.640270, 10
1761886406.654397, 10
1761886406.668875, 9
1761886406.682948, 8
1761886406.697962, 6
1761886406.712401, 3
1761886406.727808, 2
1761886406.742097, 4
1761886406.756629, 2
1761886406.770845, 2
1761886406.785440, 3
1761886406.799633, 4
1761886406.814008, 5
1761886406.828948, 4
1761886406.843047, 5
1761886406.857817, 4
1761886406.872398, 5
1761886406.886892, 5
1761886406.901267, 6
1761886406.915600, 5
1761886406.930194, 7
1761886406.945452, 7
1761886406.959860, 6
1761886406.974289, 6
1761886406.988758, 7
1761886407.003459, 6
1761886407.018431, 8
1761886407.032731, 8
1761886407.048095, 9
1761886407.062720, 8
1761886407.077528, 9
1761886407.091999, 8
1761886407.106400, 8
1761886407.120958, 8
1761886407.135521, 9
1761886407.149826, 9
1761886407.164342, 9
1761886407.178616, 9
1761886407.193106, 8
1761886407.207637, 8
1761886407.222378, 3
1761886407.237305, 2
1761886407.251932, 3
1761886407.267255, 1
1761886407.281660, 3
1761886407.295801, 3
1761886407.310322, 2
1761886407.325091, 3
1761886407.339378, 4
1761886407.353643, 5
1761886407.368031, 4
1761886407.382361, 4
1761886407.396889, 4
1761886407.411622, 4
1761886407.426299, 5
1761886407.440895, 6
1761886407.456333, 7
1761886407.470241, 6
1761886407.484509, 7
1761886407.499111, 7
1761886407.513653, 6
1761886407.528123, 8
1761886407.542741, 6
1761886407.557162, 7
1761886407.571734, 8
1761886407.586556, 8
1761886407.601593, 8
1761886407.616002, 9
1761886407.631042, 9
1761886407.645385, 9
1761886407.659815, 10
1761886407.674180, 9
1761886407.688684, 10
1761886407.703293, 9
1761886407.717803, 9
1761886407.732309, 9
1761886407.746915, 10
1761886407.761671, 8
1761886407.776024, 7
1761886407.790761, 8
1761886407.805032, 5
1761886407.819732, 4
1761886407.834236, 2
1761886407.848721, 3
1761886407.863363, 2
1761886407.877676, 2
1761886407.892149, 3
1761886407.906572, 4
1761886407.920893, 5
1761886407.936022, 4
1761886407.950449, 5
1761886407.965089, 4
1761886407.979186, 5
1761886407.994479, 4
1761886408.009089, 5
1761886408.023856, 6
1761886408.038105, 6
1761886408.053314, 8
1761886408.067897, 7
1761886408.082272, 7
1761886408.096357, 6
1761886408.110819, 6
1761886408.125585, 7
1761886408.140300, 7
1761886408.154862, 8
1761886408.170159, 7
1761886408.185280, 8
1761886408.199818, 8
1761886408.214646, 8
1761886408.229238, 9
1761886408.243963, 9
1761886408.258541, 9
1761886408.273723, 9
1761886408.288162, 9
1761886408.303017, 8
1761886408.317653, 6
1761886408.332497, 2
1761886408.347285, 2
1761886408.362592, 4
1761886408.377441, 1
1761886408.392009, 3
1761886408.406270, 2
1761886408.420581, 3
1761886408.435308, 3
1761886408.450106, 4
1761886408.464762, 3
1761886408.479113, 5
1761886408.493169, 4
1761886408.507774, 4
1761886408.522392, 4
1761886408.536723, 5
1761886408.550953, 5
1761886408.565726, 6
1761886408.580233, 7
1761886408.594261, 6
1761886408.608784, 7
1761886408.623040, 7
1761886408.637492, 8
1761886408.651864, 7
1761886408.666798, 8
1761886408.681053, 7
1761886408.696017, 7
1761886408.710833, 8
1761886408.725284, 9
1761886408.739873, 8
1761886408.754276, 8
1761886408.768410, 9
1761886408.782867, 8
1761886408.797399, 9
1761886408.811571, 9
1761886408.826735, 10
1761886408.841028, 10
1761886408.855710, 10
1761886408.870145, 10
1761886408.884817, 9
1761886408.899111, 8
1761886408.913291, 2
1761886408.927820, 3
1761886408.942240, 2
1761886408.957096, 3
1761886408.971309, 3
1761886408.985453, 2
1761886409.000080, 3
1761886409.014352, 3
1761886409.028867, 5
1761886409.043225, 4
1761886409.057309, 4
1761886409.071670, 5
1761886409.086820, 6
1761886409.101269, 5
1761886409.115906, 5
1761886409.130524, 5
1761886409.145087, 6
1761886409.159843, 8
1761886409.174891, 6
1761886409.189219, 6
1761886409.203711, 6
1761886409.218225, 6
1761886409.232853, 7
1761886409.247565, 7
1761886409.262398, 9
1761886409.277725, 9
1761886409.292401, 7
1761886409.306600, 9
1761886409.321220, 9
1761886409.335992, 9
1761886409.350569, 9
1761886409.365157, 10
1761886409.379728, 10
1761886409.394199, 9
1761886409.408909, 8
1761886409.423149, 8
1761886409.437383, 8
1761886409.451859, 1
1761886409.466518, 3
1761886409.480862, 3
1761886409.494971, 1
1761886409.509439, 3
1761886409.523602, 2
1761886409.538209, 2
1761886409.553402, 3
1761886409.567782, 4
1761886409.582004, 5
1761886409.596568, 4
1761886409.611370, 5
1761886409.626446, 5
1761886409.641109, 6
1761886409.655595, 4
1761886409.670108, 6
1761886409.684530, 6
1761886409.698789, 6
1761886409.714031, 7
1761886409.728679, 7
1761886409.743172, 7
1761886409.757786, 6
1761886409.772316, 8
1761886409.786649, 7
1761886409.800978, 8
1761886409.815441, 7
1761886409.829864, 7
1761886409.844707, 8
1761886409.860191, 8
1761886409.874822, 9
1761886409.889292, 9
1761886409.903842, 9
1761886409.918200, 9
1761886409.932678, 9
1761886409.947880, 9
1761886409.962539, 9
1761886409.976879, 9
1761886409.991730, 8
1761886410.006120, 9
1761886410.021024, 9
1761886410.035213, 7
1761886410.049718, 4
1761886410.064381, 1
1761886410.079257, 3
1761886410.093660, 3
1761886410.108348, 2
1761886410.123272, 3
1761886410.137987, 3
1761886410.152767, 3
1761886410.167608, 5
1761886410.182195, 4
1761886410.197018, 4
1761886410.211341, 5
1761886410.225863, 5
1761886410.240479, 6
1761886410.254590, 5
1761886410.269313, 7
1761886410.283631, 6
1761886410.298507, 6
1761886410.313114, 6
1761886410.328106, 7
1761886410.343024, 8
1761886410.357780, 7
1761886410.372059, 7
1761886410.386403, 7
1761886410.400942, 8
1761886410.415631, 9
1761886410.430150, 9
1761886410.444750, 9
1761886410.459328, 9
1761886410.474295, 9
1761886410.488230, 10
1761886410.502547, 9
1761886410.516773, 8
1761886410.531112, 8
1761886410.545582, 7
1761886410.560211, 2
1761886410.574231, 4
1761886410.588627, 2
1761886410.602901, 2
1761886410.617418, 3
1761886410.631800, 3
1761886410.646314, 3
1761886410.660954, 3
1761886410.675237, 4
1761886410.689505, 5
1761886410.704578, 4
1761886410.719068, 4
1761886410.733245, 5
1761886410.747915, 5
1761886410.762353, 6
1761886410.776878, 7
1761886410.791501, 6
1761886410.806310, 6
1761886410.820679, 7
1761886410.835573, 6
1761886410.850316, 7
1761886410.864947, 6
1761886410.879913, 7
1761886410.894763, 7
1761886410.909099, 7
1761886410.923356, 7
1761886410.937936, 7
1761886410.952602, 9
1761886410.967230, 8
1761886410.981680, 9
1761886410.996537, 9
1761886411.010893, 9
1761886411.025318, 8
1761886411.039946, 9
1761886411.054630, 10
1761886411.068855, 9
1761886411.083925, 9
1761886411.098220, 10
1761886411.112673, 10
1761886411.127339, 9
1761886411.142270, 10
1761886411.156617, 8
1761886411.171382, 8
1761886411.186373, 1
1761886411.201076, 3
1761886411.215599, 3
1761886411.230176, 2
1761886411.244681, 2
1761886411.259083, 3
1761886411.273216, 4
1761886411.287571, 4
1761886411.301858, 4
1761886411.316393, 4
1761886411.330695, 4
1761886411.345408, 5
1761886411.360012, 5
1761886411.374802, 5
1761886411.389307, 6
1761886411.403599, 6
1761886411.418187, 5
1761886411.432516, 6
1761886411.447116, 6
1761886411.461642, 7
1761886411.476464, 6
1761886411.490874, 8
1761886411.505643, 7
1761886411.520300, 7
1761886411.535142, 7
1761886411.549819, 8
1761886411.564902, 8
1761886411.579238, 9
1761886411.594499, 10
1761886411.608786, 8
1761886411.623554, 8
1761886411.638123, 8
1761886411.653606, 7
1761886411.668106, 4
1761886411.682699, 3
1761886411.696662, 2
1761886411.711183, 3
1761886411.725767, 4
1761886411.740295, 2
1761886411.754854, 3
1761886411.769669, 4
1761886411.784374, 5
1761886411.799067, 3
1761886411.813663, 3
1761886411.829065, 4
1761886411.843454, 4
1761886411.858196, 4
1761886411.872837, 4
1761886411.887501, 6
1761886411.901951, 5
1761886411.917179, 6
1761886411.932081, 6
1761886411.947085, 7
1761886411.961808, 6
1761886411.976472, 7
1761886411.990792, 8
1761886412.005595, 7
1761886412.020064, 7
1761886412.034080, 8
1761886412.048747, 8
1761886412.063650, 8
1761886412.078148, 8
1761886412.092544, 10
1761886412.107240, 8
1761886412.121659, 8
1761886412.136269, 8
1761886412.150897, 9
1761886412.165281, 9
1761886412.179758, 9
1761886412.194207, 9
1761886412.208770, 9
1761886412.223131, 9
1761886412.237287, 8
1761886412.251536, 5
1761886412.266187, 3
1761886412.280772, 3
1761886412.294645, 2
1761886412.309181, 2
1761886412.324259, 2
1761886412.338736, 3
1761886412.353392, 3
1761886412.367993, 3
1761886412.382127, 4
1761886412.396642, 5
1761886412.411073, 4
1761886412.425842, 4
1761886412.440969, 5
1761886412.455365, 5
1761886412.469687, 5
1761886412.484114, 6
1761886412.498463, 6
1761886412.513273, 6
1761886412.528049, 7
1761886412.542619, 6
1761886412.557148, 7
1761886412.572155, 8
1761886412.586266, 9
1761886412.600708, 9
1761886412.615129, 8
1761886412.629596, 8
1761886412.643789, 8
1761886412.658213, 9
1761886412.673175, 9
1761886412.688026, 9
1761886412.702911, 10
1761886412.717570, 8
1761886412.732158, 8
1761886412.746824, 9
1761886412.761344, 7
1761886412.775563, 1
1761886412.789812, 3
1761886412.804550, 3
1761886412.818884, 1
1761886412.833339, 3
1761886412.847797, 2
1761886412.861974, 2
1761886412.875891, 3
1761886412.890398, 4
1761886412.904469, 3
1761886412.918972, 3
1761886412.933503, 4
1761886412.948144, 4
1761886412.962457, 4
1761886412.977941, 5
1761886412.992932, 6
1761886413.007208, 5
1761886413.022364, 6
1761886413.036838, 6
1761886413.051191, 7
1761886413.066153, 7
1761886413.080911, 7
1761886413.095413, 8
1761886413.109722, 7
1761886413.124495, 8
1761886413.138769, 7
1761886413.153378, 8
1761886413.168222, 9
1761886413.182609, 9
1761886413.196855, 10
1761886413.211234, 9
1761886413.225580, 9
1761886413.240436, 9
1761886413.255215, 7
1761886413.270180, 5
1761886413.284752, 3
1761886413.299262, 2
1761886413.313430, 3
1761886413.327708, 2
1761886413.342072, 4
1761886413.357031, 2
1761886413.371880, 2
1761886413.386808, 2
1761886413.401190, 3
1761886413.415637, 3
1761886413.429913, 3
1761886413.444598, 3
1761886413.459446, 4
1761886413.474135, 4
1761886413.488903, 4
1761886413.503459, 7
1761886413.517874, 5
1761886413.532357, 5
1761886413.547142, 6
1761886413.562124, 7
1761886413.576893, 6
1761886413.591579, 7
1761886413.606145, 9
1761886413.620346, 8
1761886413.634963, 7
1761886413.649195, 7
1761886413.664242, 7
1761886413.678606, 7
1761886413.692932, 8
1761886413.707250, 9
1761886413.721709, 8
1761886413.736009, 8
1761886413.750289, 8
1761886413.764847, 10
1761886413.779246, 10
1761886413.793981, 10
1761886413.808302, 9
1761886413.823085, 8
1761886413.837874, 8
1761886413.852755, 8
1761886413.867237, 6
1761886413.882493, 4
1761886413.896932, 1
1761886413.911787, 3
1761886413.926460, 2
1761886413.941146, 3
1761886413.955934, 3
1761886413.970548, 3
1761886413.984723, 4
1761886413.999110, 4
1761886414.013533, 4
1761886414.028544, 3
1761886414.042711, 4
1761886414.057786, 5
1761886414.072329, 4
1761886414.086987, 6
1761886414.101539, 7
1761886414.115781, 5
1761886414.130335, 5
1761886414.144728, 7
1761886414.159341, 6
1761886414.174692, 7
1761886414.190534, 6
1761886414.205156, 7
1761886414.219746, 7
1761886414.234702, 8
1761886414.248970, 8
1761886414.263629, 7
1761886414.278282, 9
1761886414.292600, 8
1761886414.307335, 10
1761886414.321925, 9
1761886414.336068, 8
1761886414.350216, 9
1761886414.364740, 8
1761886414.379745, 7
1761886414.393957, 2
1761886414.408920, 2
1761886414.424132, 3
1761886414.438761, 2
1761886414.453488, 3
1761886414.468050, 3
1761886414.482610, 3
1761886414.497404, 4
1761886414.512277, 3
1761886414.527106, 3
1761886414.541488, 4
1761886414.556109, 4
1761886414.570279, 4
1761886414.584918, 4
1761886414.599273, 5
1761886414.614002, 7
1761886414.628597, 6
1761886414.643208, 5
1761886414.658001, 6
1761886414.672224, 6
1761886414.686808, 6
1761886414.701121, 7
1761886414.715482, 7
1761886414.729876, 7
1761886414.744438, 8
1761886414.758813, 8
1761886414.773297, 8
1761886414.787498, 8
1761886414.802389, 7
1761886414.816943, 9
1761886414.831444, 8
1761886414.846139, 8
1761886414.861183, 9
1761886414.875354, 9
1761886414.889846, 9
1761886414.904358, 9
1761886414.918477, 9
1761886414.932757, 8
1761886414.948000, 8
1761886414.962029, 7
1761886414.976362, 3
1761886414.990831, 5
1761886415.006040, 4
1761886415.020522, 2
1761886415.034900, 3
1761886415.049715, 2
1761886415.064601, 3
1761886415.078901, 2
1761886415.093545, 3
1761886415.108182, 4
1761886415.122582, 4
1761886415.137082, 4
1761886415.151490, 4
1761886415.166056, 5
1761886415.181014, 5
1761886415.195355, 5
1761886415.209558, 6
1761886415.223867, 6
1761886415.238569, 6
1761886415.252789, 6
1761886415.267442, 8
1761886415.281847, 7
1761886415.296940, 7
1761886415.311309, 8
1761886415.325681, 7
1761886415.340793, 7
1761886415.355687, 7
1761886415.369760, 8
1761886415.384009, 8
1761886415.398089, 8
1761886415.413307, 9
1761886415.428170, 9
1761886415.443066, 9
1761886415.457571, 9
1761886415.472524, 8
1761886415.487037, 7
1761886415.501116, 2
1761886415.515630, 2
1761886415.530251, 2
1761886415.544575, 3
1761886415.559251, 3
1761886415.573479, 3
1761886415.587677, 2
1761886415.602257, 4
1761886415.617489, 5
1761886415.632074, 4
1761886415.646963, 5
1761886415.661603, 5
1761886415.676437, 4
1761886415.691444, 4
1761886415.705858, 5
1761886415.720467, 6
1761886415.734941, 5
1761886415.749578, 5
1761886415.763859, 7
1761886415.778543, 6
1761886415.793217, 6
1761886415.807785, 6
1761886415.822211, 8
1761886415.836901, 7
1761886415.851289, 7
1761886415.865711, 7
1761886415.880776, 8
1761886415.895552, 8
1761886415.909938, 9
1761886415.924754, 10
1761886415.939196, 9
1761886415.953927, 9
1761886415.968302, 9
1761886415.982664, 10
1761886415.998019, 10
1761886416.012692, 9
1761886416.027269, 9
1761886416.041631, 8
1761886416.056329, 8
1761886416.070768, 8
1761886416.085435, 2
1761886416.100697, 3
1761886416.115549, 3
1761886416.129932, 3
1761886416.144572, 3
1761886416.158648, 2
1761886416.173643, 3
1761886416.188569, 3
1761886416.202699, 3
1761886416.217125, 6
1761886416.231352, 4
1761886416.246721, 5
1761886416.261266, 5
1761886416.276042, 6
1761886416.290452, 4
1761886416.305309, 5
1761886416.319547, 7
1761886416.334202, 6
1761886416.348711, 5
1761886416.363943, 6
1761886416.378210, 8
1761886416.392849, 7
1761886416.407958, 8
1761886416.422757, 9
1761886416.436988, 8
1761886416.451507, 7
1761886416.465832, 8
1761886416.480935, 9
1761886416.495081, 9
1761886416.509484, 9
1761886416.524063, 10
1761886416.538907, 9
1761886416.553442, 8
1761886416.567956, 7
1761886416.582644, 8
1761886416.597036, 5
1761886416.611253, 2
1761886416.625697, 2
1761886416.640010, 2
1761886416.654269, 3
1761886416.668427, 2
1761886416.682730, 2
1761886416.697228, 3
1761886416.712025, 4
1761886416.726407, 5
1761886416.740704, 4
1761886416.755037, 5
1761886416.769857, 4
1761886416.784631, 5
1761886416.799073, 5
1761886416.813330, 6
1761886416.827991, 7
1761886416.842275, 6
1761886416.856894, 6
1761886416.871469, 7
1761886416.885717, 6
1761886416.900178, 7
1761886416.914742, 7
1761886416.929646, 8
1761886416.944582, 8
1761886416.959073, 8
1761886416.973400, 8
1761886416.987788, 8
1761886417.002195, 8
1761886417.016624, 8
1761886417.031734, 9
1761886417.046002, 8
1761886417.060984, 9
1761886417.075903, 9
1761886417.090254, 9
1761886417.104842, 9
1761886417.120067, 9
1761886417.135095, 9
1761886417.149511, 10
1761886417.164318, 10
1761886417.178509, 9
1761886417.193360, 9
1761886417.208398, 7
1761886417.222543, 2
1761886417.236903, 2
1761886417.251867, 2
1761886417.266194, 2
1761886417.282009, 3
1761886417.296802, 3
1761886417.311125, 3
1761886417.325662, 5
1761886417.340065, 4
1761886417.354945, 4
1761886417.369699, 4
1761886417.384117, 6
1761886417.398903, 5
1761886417.413625, 5
1761886417.427999, 7
1761886417.442235, 6
1761886417.457194, 7
1761886417.471610, 7
1761886417.486782, 7
1761886417.501154, 6
1761886417.515371, 6
1761886417.529660, 8
1761886417.543749, 8
1761886417.557788, 7
1761886417.571862, 7
1761886417.586100, 8
1761886417.601178, 8
1761886417.615656, 8
1761886417.629939, 9
1761886417.644548, 9
1761886417.659005, 9
1761886417.673326, 8
1761886417.687706, 8
1761886417.702648, 5
1761886417.717162, 2
1761886417.731606, 1
1761886417.745970, 3
1761886417.760479, 3
1761886417.775078, 1
1761886417.789737, 2
1761886417.804889, 2
1761886417.819455, 2
1761886417.833996, 4
1761886417.848930, 3
1761886417.863218, 4
1761886417.878376, 4
1761886417.893055, 5
1761886417.907489, 4
1761886417.922260, 6
1761886417.936525, 7
1761886417.950986, 6
1761886417.965836, 5
1761886417.980645, 7
1761886417.995356, 6
1761886418.010010, 6
1761886418.024763, 7
1761886418.039199, 8
1761886418.053675, 7
1761886418.068594, 8
1761886418.082974, 7
1761886418.097775, 8
1761886418.112125, 8
1761886418.126570, 8
1761886418.141096, 9
1761886418.155623, 8
1761886418.169974, 8
1761886418.184008, 9
1761886418.198049, 9
1761886418.212889, 10
1761886418.228283, 9
1761886418.242956, 10
1761886418.257661, 8
1761886418.272116, 8
1761886418.286381, 8
1761886418.302448, 4
1761886418.316791, 4
1761886418.330894, 3
1761886418.346331, 3
1761886418.360440, 3
1761886418.376206, 2
1761886418.390459, 4
1761886418.404887, 4
1761886418.419427, 4
1761886418.433517, 5
1761886418.448633, 4
1761886418.463134, 4
1761886418.477576, 4
1761886418.491793, 6
1761886418.506100, 5
1761886418.520584, 5
1761886418.535053, 7
1761886418.549683, 6
1761886418.563976, 7
1761886418.578298, 7
1761886418.592600, 7
1761886418.607018, 6
1761886418.621830, 7
1761886418.637286, 9
1761886418.651931, 8
1761886418.666540, 8
1761886418.681390, 9
1761886418.696122, 8
1761886418.710998, 9
1761886418.725082, 9
1761886418.739726, 10
1761886418.754099, 9
1761886418.768682, 9
1761886418.783346, 8
1761886418.798481, 8
1761886418.812674, 3
1761886418.827700, 2
1761886418.842128, 3
1761886418.856420, 2
1761886418.870632, 3
1761886418.885089, 3
1761886418.899499, 2
1761886418.914433, 3
1761886418.929135, 3
1761886418.943666, 4
1761886418.959052, 3
1761886418.974271, 4
1761886418.988899, 4
1761886419.003925, 4
1761886419.018278, 5
1761886419.032837, 5
1761886419.047971, 6
1761886419.062831, 5
1761886419.077401, 6
1761886419.091954, 6
1761886419.106357, 6
1761886419.120794, 6
1761886419.135355, 6
1761886419.150131, 8
1761886419.164397, 7
1761886419.178907, 7
1761886419.193916, 9
1761886419.208662, 8
1761886419.224010, 8
1761886419.238609, 10
1761886419.253037, 9
1761886419.267943, 9
1761886419.282576, 7
1761886419.297376, 9
1761886419.312372, 9
1761886419.327187, 9
1761886419.341609, 9
1761886419.356447, 9
1761886419.371279, 10
1761886419.386463, 8
1761886419.401208, 9
1761886419.416265, 8
1761886419.431112, 3
1761886419.445650, 2
1761886419.460392, 2
1761886419.475194, 2
1761886419.489329, 3
1761886419.504078, 3
1761886419.518129, 4
1761886419.532300, 4
1761886419.547060, 5
1761886419.561317, 5
1761886419.575818, 4
1761886419.590091, 5
1761886419.604656, 4
1761886419.619362, 5
1761886419.634152, 6
1761886419.648167, 8
1761886419.662506, 6
1761886419.677029, 6
1761886419.691546, 6
1761886419.706088, 6
1761886419.720555, 6
1761886419.735237, 7
1761886419.749636, 8
1761886419.763825, 7
1761886419.778273, 7
1761886419.792498, 8
1761886419.806911, 9
1761886419.821454, 8
1761886419.835591, 8
1761886419.850312, 9
1761886419.864858, 9
1761886419.879959, 8
1761886419.894115, 8
1761886419.909163, 6
1761886419.923821, 3
1761886419.938519, 1
1761886419.953027, 2
1761886419.967762, 4
1761886419.982314, 2
1761886419.997607, 2
1761886420.012056, 3
1761886420.026322, 4
1761886420.040573, 3
1761886420.055484, 4
1761886420.070842, 4
1761886420.085230, 4
1761886420.099753, 4
1761886420.114465, 4
1761886420.128874, 5
1761886420.143557, 6
1761886420.157761, 5
1761886420.172389, 6
1761886420.186882, 6
1761886420.201401, 6
1761886420.216150, 6
1761886420.230683, 6
1761886420.244951, 8
1761886420.259361, 8
1761886420.274062, 6
1761886420.288697, 8
1761886420.303209, 8
1761886420.317551, 8
1761886420.331879, 8
1761886420.346603, 9
1761886420.361214, 10
1761886420.375864, 8
1761886420.390648, 9
1761886420.405029, 9
1761886420.419289, 9
1761886420.433975, 10
1761886420.448481, 9
1761886420.463476, 9
1761886420.477758, 8
1761886420.492269, 8
1761886420.506600, 8
1761886420.520762, 2
1761886420.535050, 2
1761886420.549682, 5
1761886420.564017, 3
1761886420.578868, 3
1761886420.593474, 3
1761886420.608737, 3
1761886420.623484, 4
1761886420.638012, 5
1761886420.653137, 5
1761886420.667624, 4
1761886420.682257, 4
1761886420.696483, 5
1761886420.711188, 5
1761886420.725871, 6
1761886420.740259, 7
1761886420.755143, 7
1761886420.769831, 5
1761886420.785075, 6
1761886420.799450, 7
1761886420.813863, 7
1761886420.828593, 7
1761886420.843200, 7
1761886420.858016, 8
1761886420.872599, 7
1761886420.886903, 7
1761886420.901696, 8
1761886420.916703, 8
1761886420.931580, 9
1761886420.945797, 9
1761886420.960616, 10
1761886420.975095, 9
1761886420.989918, 9
1761886421.004937, 7
1761886421.019614, 3
1761886421.034240, 2
1761886421.048936, 4
1761886421.063235, 2
1761886421.077958, 4
1761886421.092704, 2
1761886421.107252, 3
1761886421.121299, 3
1761886421.135991, 3
1761886421.150364, 4
1761886421.165028, 4
1761886421.179289, 5
1761886421.193763, 4
1761886421.207960, 5
1761886421.222499, 4
1761886421.237210, 5
1761886421.251787, 6
1761886421.266759, 6
1761886421.281062, 5
1761886421.295532, 6
1761886421.310331, 6
1761886421.324873, 6
1761886421.339335, 6
1761886421.353750, 8
1761886421.368873, 8
1761886421.383276, 8
1761886421.398148, 9
1761886421.413006, 8
1761886421.427552, 8
1761886421.442110, 8
1761886421.456567, 9
1761886421.470859, 9
1761886421.485465, 8
1761886421.500148, 9
1761886421.514384, 10
1761886421.529782, 9
1761886421.543928, 9
1761886421.558224, 9
1761886421.572842, 9
1761886421.587152, 8
1761886421.601862, 8
1761886421.616481, 7
1761886421.631179, 2
1761886421.645869, 1
1761886421.659898, 3
1761886421.674307, 2
1761886421.688682, 2
1761886421.703122, 3
1761886421.717846, 3
1761886421.732497, 3
1761886421.747140, 4
1761886421.762406, 4
1761886421.777406, 4
1761886421.792404, 5
1761886421.807076, 5
1761886421.821953, 5
1761886421.836125, 6
1761886421.850555, 6
1761886421.865298, 7
1761886421.879688, 6
1761886421.894404, 6
1761886421.909116, 7
1761886421.923385, 6
1761886421.937667, 7
1761886421.952933, 8
1761886421.967395, 9
1761886421.982085, 8
1761886421.996704, 8
1761886422.011319, 8
1761886422.026050, 9
1761886422.041177, 8
1761886422.055964, 8
1761886422.071059, 9
1761886422.086262, 8
1761886422.101235, 9
1761886422.115772, 8
1761886422.130235, 8
1761886422.144565, 4
1761886422.159161, 3
1761886422.173898, 2
1761886422.189227, 3
1761886422.203902, 2
1761886422.218087, 2
1761886422.232785, 2
1761886422.246952, 4
1761886422.261628, 4
1761886422.277377, 3
1761886422.291844, 3
1761886422.308092, 3
1761886422.322824, 4
1761886422.337336, 4
1761886422.351973, 5
1761886422.366973, 5
1761886422.381506, 6
1761886422.395921, 6
1761886422.410341, 6
1761886422.424702, 5
1761886422.439297, 6
1761886422.454020, 7
1761886422.468626, 9
1761886422.483207, 7
1761886422.497383, 8
1761886422.511866, 7
1761886422.526357, 8
1761886422.541112, 8
1761886422.555540, 9
1761886422.570124, 10
1761886422.584605, 9
1761886422.599246, 9
1761886422.613494, 9
1761886422.627953, 10
1761886422.642449, 9
1761886422.657044, 9
1761886422.671628, 9
1761886422.686376, 8
1761886422.700953, 8
1761886422.715449, 7
1761886422.729677, 6
1761886422.744296, 4
1761886422.758930, 1
1761886422.773420, 3
1761886422.787701, 2
1761886422.802328, 3
1761886422.817072, 3
1761886422.831990, 3
1761886422.846286, 5
1761886422.860595, 4
1761886422.874731, 4
1761886422.889181, 4
1761886422.903602, 5
1761886422.918213, 5
1761886422.932756, 6
1761886422.946967, 7
1761886422.962209, 7
1761886422.977196, 7
1761886422.991760, 6
1761886423.006176, 6
1761886423.020830, 6
1761886423.034918, 6
1761886423.050005, 7
1761886423.064387, 9
1761886423.079179, 9
1761886423.093861, 8
1761886423.108695, 9
1761886423.123518, 9
1761886423.138253, 8
1761886423.152776, 8
1761886423.167368, 10
1761886423.181725, 8
1761886423.196269, 8
1761886423.210793, 8
1761886423.225031, 9
1761886423.239375, 10
1761886423.254180, 9
1761886423.268367, 10
1761886423.282831, 10
1761886423.297379, 9
1761886423.311528, 8
1761886423.326217, 8
1761886423.340867, 2
1761886423.355488, 2
1761886423.369977, 3
1761886423.385352, 2
1761886423.399825, 2
1761886423.414320, 2
1761886423.429017, 3
1761886423.443523, 4
1761886423.457748, 5
1761886423.472573, 4
1761886423.487245, 4
1761886423.501425, 5
1761886423.516294, 5
1761886423.530716, 6
1761886423.545290, 6
1761886423.559525, 6
1761886423.574015, 6
1761886423.588231, 7
1761886423.602552, 6
1761886423.617708, 6
1761886423.632496, 6
1761886423.646796, 7
1761886423.661638, 7
1761886423.676157, 8
1761886423.690814, 7
1761886423.705011, 7
1761886423.719328, 8
1761886423.733852, 8
1761886423.748995, 7
1761886423.763210, 10
1761886423.778145, 9
1761886423.792939, 8
1761886423.807071, 8
1761886423.821802, 7
1761886423.836131, 6
1761886423.850973, 3
1761886423.865613, 2
1761886423.880116, 2
1761886423.894856, 3
1761886423.909086, 2
1761886423.923587, 3
1761886423.938052, 2
1761886423.952551, 3
1761886423.966912, 3
1761886423.981376, 3
1761886423.995539, 4
1761886424.009840, 5
1761886424.024329, 4
1761886424.039056, 4
1761886424.053330, 5
1761886424.067872, 6
1761886424.082069, 6
1761886424.096527, 6
1761886424.111168, 6
1761886424.125638, 7
1761886424.140280, 7
1761886424.154819, 7
1761886424.169085, 8
1761886424.184023, 7
1761886424.198197, 7
1761886424.212300, 8
1761886424.226951, 8
1761886424.242191, 8
1761886424.256776, 8
1761886424.271150, 9
1761886424.285567, 10
1761886424.300607, 8
1761886424.314913, 10
1761886424.329503, 9
1761886424.344219, 9
1761886424.358943, 10
1761886424.373469, 9
1761886424.388710, 9
1761886424.402967, 8
1761886424.417751, 8
1761886424.432163, 8
1761886424.446450, 2
1761886424.461248, 2
1761886424.476169, 3
1761886424.490673, 2
1761886424.505372, 3
1761886424.519912, 2
1761886424.534417, 3
1761886424.548856, 3
1761886424.562950, 4
1761886424.577092, 5
1761886424.591640, 4
1761886424.606117, 5
1761886424.620896, 4
1761886424.635415, 6
1761886424.649822, 6
1761886424.664165, 7
1761886424.678700, 6
1761886424.692930, 6
1761886424.707433, 6
1761886424.722194, 6
1761886424.736545, 6
1761886424.750716, 7
1761886424.765283, 7
1761886424.780042, 8
1761886424.794480, 8
1761886424.808772, 7
1761886424.823260, 8
1761886424.837828, 8
1761886424.852716, 9
1761886424.866918, 10
1761886424.881942, 10
1761886424.896300, 9
1761886424.911232, 9
1761886424.925620, 9
1761886424.940399, 9
1761886424.954963, 9
1761886424.969929, 9
1761886424.984954, 10
1761886424.999887, 9
1761886425.014324, 9
1761886425.029047, 8
1761886425.043793, 4
1761886425.058233, 4
1761886425.072737, 2
1761886425.087311, 4
1761886425.102973, 3
1761886425.117564, 3
1761886425.132371, 3
1761886425.146657, 3
1761886425.161216, 4
1761886425.176164, 4
1761886425.190768, 4
1761886425.205257, 4
1761886425.219809, 5
1761886425.234627, 5
1761886425.249463, 5
1761886425.264042, 7
1761886425.278993, 6
1761886425.294158, 8
1761886425.309279, 6
1761886425.324085, 6
1761886425.338658, 6
1761886425.353104, 8
1761886425.367355, 7
1761886425.382518, 8
1761886425.397558, 8
1761886425.412328, 7
1761886425.427743, 8
1761886425.443083, 8
1761886425.457640, 9
1761886425.471994, 10
1761886425.486479, 10
1761886425.501756, 9
1761886425.516093, 8
1761886425.530376, 7
1761886425.545412, 7
1761886425.560237, 2
1761886425.574921, 2
1761886425.589670, 3
1761886425.604044, 2
1761886425.618111, 2
1761886425.632978, 3
1761886425.647232, 3
1761886425.661514, 3
1761886425.675761, 3
1761886425.690099, 4
1761886425.705864, 5
1761886425.720641, 5
1761886425.734799, 4
1761886425.749397, 5
1761886425.763899, 5
1761886425.778555, 5
1761886425.793235, 6
1761886425.808585, 4
1761886425.823262, 6
1761886425.837703, 7
1761886425.852211, 6
1761886425.866896, 7
1761886425.881082, 8
1761886425.896694, 8
1761886425.911214, 8
1761886425.925719, 9
1761886425.940518, 8
1761886425.955575, 8
1761886425.970363, 9
1761886425.985035, 9
1761886425.999411, 9
1761886426.014548, 9
1761886426.028902, 9
1761886426.043784, 9
1761886426.058756, 9
1761886426.073109, 9
1761886426.087711, 10
1761886426.102533, 9
1761886426.117218, 8
1761886426.131535, 8
1761886426.146549, 8
1761886426.161199, 2
1761886426.175600, 2
1761886426.190543, 4
1761886426.205542, 2
1761886426.220433, 2
1761886426.235144, 4
1761886426.249494, 3
1761886426.264157, 3
1761886426.278617, 4
1761886426.293091, 5
1761886426.308051, 4
1761886426.322880, 5
1761886426.337294, 5
1761886426.351397, 6
1761886426.365725, 6
1761886426.380950, 6
1761886426.395403, 7
1761886426.410264, 6
1761886426.424979, 7
1761886426.440005, 7
1761886426.454337, 7
1761886426.469034, 8
1761886426.483307, 7
1761886426.498062, 8
1761886426.512945, 8
1761886426.527625, 9
1761886426.542049, 9
1761886426.556392, 7
1761886426.570655, 8
1761886426.584835, 9
1761886426.599318, 10
1761886426.613747, 8
1761886426.629540, 9
1761886426.644491, 8
1761886426.659186, 8
1761886426.674026, 8
1761886426.689363, 4
1761886426.704362, 3
1761886426.719163, 2
1761886426.733584, 3
1761886426.748228, 3
1761886426.763441, 2
1761886426.777753, 2
1761886426.792034, 4
1761886426.806072, 4
1761886426.820743, 3
1761886426.835053, 3
1761886426.849692, 4
1761886426.864408, 4
1761886426.879139, 5
1761886426.893670, 6
1761886426.908190, 5
1761886426.922806, 6
1761886426.937291, 6
1761886426.951460, 5
1761886426.965776, 6
1761886426.980891, 7
1761886426.995647, 7
1761886427.010252, 6
1761886427.025455, 7
1761886427.040415, 7
1761886427.054417, 8
1761886427.068681, 7
1761886427.082798, 8
1761886427.097371, 10
1761886427.112069, 10
1761886427.126252, 9
1761886427.140704, 10
1761886427.155380, 9
1761886427.169931, 8
1761886427.184493, 9
1761886427.199167, 9
1761886427.214305, 10
1761886427.228846, 9
1761886427.243183, 8
1761886427.257766, 8
1761886427.272204, 1
1761886427.287226, 3
1761886427.301715, 4
1761886427.316543, 1
1761886427.330633, 4
1761886427.345332, 3
1761886427.359599, 2
1761886427.373899, 3
1761886427.388362, 3
1761886427.403221, 5
1761886427.418136, 4
1761886427.432472, 4
1761886427.446995, 4
1761886427.461440, 5
1761886427.476259, 6
1761886427.490876, 5
1761886427.505642, 7
1761886427.519863, 6
1761886427.534648, 7
1761886427.548990, 7
1761886427.563307, 6
1761886427.577411, 6
1761886427.592109, 6
1761886427.606367, 8
1761886427.621268, 7
1761886427.635864, 8
1761886427.650429, 8
1761886427.665057, 8
1761886427.679956, 8
1761886427.694748, 8
1761886427.709697, 9
1761886427.723758, 8
1761886427.738213, 10
1761886427.752829, 9
1761886427.767826, 9
1761886427.782033, 9
1761886427.796517, 9
1761886427.811206, 9
1761886427.826595, 9
1761886427.841300, 8
1761886427.855662, 8
1761886427.869933, 2
1761886427.884233, 3
1761886427.899066, 2
1761886427.913390, 3
1761886427.927958, 3
1761886427.942427, 3
1761886427.957366, 3
1761886427.971797, 4
1761886427.986083, 5
1761886428.000310, 3
1761886428.014274, 4
1761886428.028948, 4
1761886428.042981, 6
1761886428.058163, 5
1761886428.072951, 5
1761886428.087422, 7
1761886428.102160, 7
1761886428.116359, 7
1761886428.131361, 6
1761886428.145695, 6
1761886428.160255, 6
1761886428.174970, 7
1761886428.189148, 7
1761886428.203551, 8
1761886428.218140, 8
1761886428.232836, 8
1761886428.247442, 8
1761886428.262100, 8
1761886428.276359, 8
1761886428.290650, 8
1761886428.305632, 10
1761886428.320454, 9
1761886428.334537, 9
1761886428.348993, 10
1761886428.363279, 9
1761886428.377923, 9
1761886428.392162, 10
1761886428.406138, 10
1761886428.421153, 10
1761886428.435567, 9
1761886428.450144, 8
1761886428.464462, 6
1761886428.478805, 3
1761886428.493266, 2
1761886428.507541, 5
1761886428.522398, 2
1761886428.536575, 4
1761886428.550755, 3
1761886428.565036, 3
1761886428.579538, 3
1761886428.594413, 5
1761886428.608683, 5
1761886428.623403, 5
1761886428.638303, 6
1761886428.652837, 5
1761886428.667505, 6
1761886428.682059, 5
1761886428.696529, 6
1761886428.710687, 7
1761886428.725399, 7
1761886428.740188, 7
1761886428.754487, 7
1761886428.769407, 7
1761886428.783827, 8
1761886428.798404, 7
1761886428.812796, 8
1761886428.827128, 8
1761886428.842190, 8
1761886428.856516, 9
1761886428.871085, 9
1761886428.885399, 9
1761886428.899985, 9
1761886428.914581, 10
1761886428.929013, 10
1761886428.943862, 8
1761886428.958700, 8
1761886428.973725, 7
1761886428.988196, 4
1761886429.002719, 3
1761886429.017802, 2
1761886429.032115, 2
1761886429.046404, 3
1761886429.061305, 3
1761886429.075698, 3
1761886429.090223, 4
1761886429.104908, 3
1761886429.120009, 4
1761886429.134665, 3
1761886429.149516, 3
1761886429.163706, 3
1761886429.178167, 4
1761886429.192859, 5
1761886429.207315, 5
1761886429.221558, 6
1761886429.236626, 6
1761886429.251363, 7
1761886429.265430, 5
1761886429.280335, 6
1761886429.294378, 8
1761886429.309061, 8
1761886429.323285, 7
1761886429.337749, 7
1761886429.351943, 8
1761886429.366245, 8
1761886429.380847, 7
1761886429.395269, 8
1761886429.409734, 9
1761886429.424023, 10
1761886429.438547, 9
1761886429.453035, 8
1761886429.467227, 9
1761886429.481934, 8
1761886429.496030, 10
1761886429.510516, 9
1761886429.525078, 9
1761886429.539298, 9
1761886429.553552, 8
1761886429.568237, 8
1761886429.583105, 2
1761886429.597739, 2
1761886429.612406, 3
1761886429.626813, 2
1761886429.641166, 3
1761886429.655844, 4
1761886429.670293, 3
1761886429.684617, 3
1761886429.698508, 5
1761886429.712939, 4
1761886429.727025, 4
1761886429.741717, 5
1761886429.756301, 5
1761886429.770699, 5
1761886429.785658, 6
1761886429.800308, 6
1761886429.814741, 7
1761886429.829438, 7
1761886429.844148, 6
1761886429.859310, 7
1761886429.874069, 7
1761886429.888398, 8
1761886429.902426, 7
1761886429.916847, 8
1761886429.931458, 9
1761886429.945706, 7
1761886429.959873, 8
1761886429.974074, 8
1761886429.988925, 9
1761886430.003484, 10
1761886430.018349, 10
1761886430.032891, 9
1761886430.048818, 9
1761886430.063123, 9
1761886430.077257, 8
1761886430.091989, 2
1761886430.106425, 2
1761886430.120959, 2
1761886430.135870, 4
1761886430.149925, 2
1761886430.164137, 3
1761886430.178618, 3
1761886430.193978, 3
1761886430.208768, 3
1761886430.223351, 4
1761886430.237779, 3
1761886430.252285, 4
1761886430.266975, 4
1761886430.281560, 4
1761886430.295720, 5
1761886430.310464, 6
1761886430.324997, 6
1761886430.339468, 6
1761886430.354008, 6
1761886430.368609, 7
1761886430.382941, 6
1761886430.397007, 6
1761886430.411574, 7
1761886430.425857, 7
1761886430.440832, 7
1761886430.455750, 8
1761886430.470265, 8
1761886430.484907, 7
1761886430.499617, 8
1761886430.514024, 9
1761886430.528483, 10
1761886430.542476, 9
1761886430.556917, 8
1761886430.571969, 9
1761886430.586385, 10
1761886430.600830, 10
1761886430.615641, 10
1761886430.630963, 8
1761886430.645586, 10
1761886430.659941, 8
1761886430.674871, 8
1761886430.689496, 1
1761886430.703890, 3
1761886430.718524, 3
1761886430.732954, 2
1761886430.747327, 3
1761886430.761624, 3
1761886430.776362, 3
1761886430.790869, 4
1761886430.805466, 5
1761886430.819703, 4
1761886430.833917, 5
1761886430.848237, 5
1761886430.862381, 5
1761886430.876708, 5
1761886430.891206, 5
1761886430.905846, 7
1761886430.920111, 6
1761886430.934304, 8
1761886430.949071, 6
1761886430.963662, 6
1761886430.977990, 6
1761886430.993161, 6
1761886431.008246, 7
1761886431.023378, 7
1761886431.038017, 8
1761886431.052305, 7
1761886431.067209, 8
1761886431.082083, 8
1761886431.096828, 8
1761886431.111525, 9
1761886431.126100, 10
1761886431.140640, 8
1761886431.155068, 8
1761886431.169472, 8
1761886431.183893, 8
1761886431.198746, 2
1761886431.212858, 2
1761886431.227531, 4
1761886431.242063, 2
1761886431.256366, 2
1761886431.270850, 2
1761886431.285683, 3
1761886431.300284, 4
1761886431.315080, 4
1761886431.329509, 5
1761886431.344004, 4
1761886431.358758, 5
1761886431.372993, 5
1761886431.387459, 5
1761886431.401671, 6
1761886431.416504, 5
1761886431.431277, 7
1761886431.445933, 6
1761886431.460023, 5
1761886431.474189, 7
1761886431.489239, 6
1761886431.504281, 7
1761886431.518650, 8
1761886431.533282, 8
1761886431.547894, 7
1761886431.562420, 7
1761886431.576520, 9
1761886431.590902, 8
1761886431.605939, 9
1761886431.620710, 9
1761886431.635131, 10
1761886431.649302, 10
1761886431.664285, 9
1761886431.678912, 10
1761886431.693008, 10
1761886431.708074, 10
1761886431.722350, 9
1761886431.737309, 9
1761886431.751606, 9
1761886431.766304, 9
1761886431.780986, 8
1761886431.795399, 6
1761886431.810020, 3
1761886431.823960, 2
1761886431.838120, 2
1761886431.852479, 2
1761886431.866999, 3
1761886431.881352, 4
1761886431.895787, 4
1761886431.910297, 4
1761886431.925130, 4
1761886431.939406, 6
1761886431.953910, 4
1761886431.968610, 5
1761886431.983785, 5
1761886431.998150, 5
1761886432.012722, 6
1761886432.027217, 6
1761886432.041395, 8
1761886432.056025, 7
1761886432.071228, 6
1761886432.086115, 6
1761886432.100543, 6
1761886432.114858, 7
1761886432.129586, 7
1761886432.144944, 8
1761886432.159338, 7
1761886432.173517, 8
1761886432.188175, 8
1761886432.202770, 8
1761886432.217308, 8
1761886432.232115, 10
1761886432.246517, 9
1761886432.261286, 8
1761886432.275877, 9
1761886432.290688, 8
1761886432.304989, 3
1761886432.319224, 2
1761886432.333618, 2
1761886432.348356, 2
1761886432.363012, 3
1761886432.377694, 2
1761886432.391992, 2
1761886432.406461, 4
1761886432.420919, 4
1761886432.435408, 5
1761886432.450824, 4
1761886432.465405, 4
1761886432.479930, 4
1761886432.494751, 4
1761886432.509064, 5
1761886432.523613, 6
1761886432.537870, 7
1761886432.552194, 6
1761886432.566789, 7
1761886432.581581, 7
1761886432.596046, 6
1761886432.610355, 6
1761886432.625324, 8
1761886432.639554, 8
1761886432.654110, 7
1761886432.668473, 8
1761886432.682979, 9
1761886432.697053, 8
1761886432.711769, 8
1761886432.726275, 9
1761886432.740961, 9
1761886432.755296, 10
1761886432.769757, 8
1761886432.784283, 9
1761886432.798381, 9
1761886432.812508, 9
1761886432.826879, 10
1761886432.841459, 10
1761886432.856011, 9
1761886432.870951, 8
1761886432.885444, 7
1761886432.899796, 2
1761886432.914743, 3
1761886432.929009, 2
1761886432.943781, 3
1761886432.958432, 3
1761886432.972828, 2
1761886432.987072, 3
1761886433.002048, 3
1761886433.016998, 4
1761886433.031613, 4
1761886433.046130, 5
1761886433.060671, 5
1761886433.074954, 5
1761886433.090059, 5
1761886433.104465, 6
1761886433.119010, 7
1761886433.133474, 6
1761886433.147972, 7
1761886433.162152, 7
1761886433.176311, 6
1761886433.190846, 6
1761886433.205677, 7
1761886433.220753, 8
1761886433.235404, 7
1761886433.250174, 8
1761886433.264281, 7
1761886433.278657, 8
1761886433.293548, 8
1761886433.307944, 8
1761886433.322593, 8
1761886433.336886, 9
1761886433.351357, 9
1761886433.365834, 7
1761886433.380495, 9
1761886433.394961, 7
1761886433.409545, 5
1761886433.424872, 2
1761886433.439193, 1
1761886433.453399, 2
1761886433.467701, 2
1761886433.482208, 2
1761886433.496488, 2
1761886433.511215, 3
1761886433.525754, 3
1761886433.539964, 3
1761886433.554516, 4
1761886433.569053, 5
1761886433.584069, 5
1761886433.598808, 5
1761886433.613295, 4
1761886433.628320, 5
1761886433.642770, 5
1761886433.657174, 7
1761886433.671836, 5
1761886433.686390, 7
1761886433.701033, 6
1761886433.715451, 7
1761886433.729684, 8
1761886433.744320, 7
1761886433.758592, 8
1761886433.772992, 7
1761886433.787300, 8
1761886433.801585, 8
1761886433.816833, 9
1761886433.831388, 9
1761886433.845987, 10
1761886433.860496, 10
1761886433.875180, 8
1761886433.889690, 10
1761886433.904150, 9
1761886433.919120, 9
1761886433.933780, 9
1761886433.948215, 9
1761886433.962367, 9
1761886433.976993, 9
1761886433.991838, 8
1761886434.006248, 4
1761886434.021038, 3
1761886434.035807, 2
1761886434.050121, 4
1761886434.064728, 4
1761886434.079360, 3
1761886434.093617, 3
1761886434.108207, 3
1761886434.122773, 5
1761886434.137367, 3
1761886434.151780, 6
1761886434.166767, 5
1761886434.181066, 5
1761886434.195893, 5
1761886434.210210, 5
1761886434.224695, 6
1761886434.239229, 5
1761886434.253540, 7
1761886434.268496, 6
1761886434.283071, 6
1761886434.297847, 6
1761886434.312408, 6
1761886434.327104, 7
1761886434.341752, 7
1761886434.355940, 8
1761886434.370188, 7
1761886434.384679, 8
1761886434.399190, 8
1761886434.413790, 8
1761886434.428941, 8
1761886434.443586, 9
1761886434.458345, 9
1761886434.473102, 8
1761886434.487783, 8
1761886434.502537, 8
1761886434.517153, 5
1761886434.531877, 3
1761886434.546335, 1
1761886434.561470, 3
1761886434.576016, 3
1761886434.590668, 2
1761886434.604969, 3
1761886434.619647, 2
1761886434.634805, 3
1761886434.649646, 3
1761886434.664289, 3
1761886434.678956, 4
1761886434.694048, 4
1761886434.708880, 5
1761886434.723165, 4
1761886434.738064, 6
1761886434.753190, 6
1761886434.768057, 5
1761886434.782601, 6
1761886434.797199, 6
1761886434.811583, 6
1761886434.825713, 6
1761886434.840176, 7
1761886434.855067, 7
1761886434.869329, 7
1761886434.883944, 8
1761886434.898251, 8
1761886434.913102, 7
1761886434.927587, 8
1761886434.942153, 8
1761886434.956518, 9
1761886434.970864, 10
1761886434.985440, 9
1761886434.999599, 9
1761886435.014764, 9
1761886435.029387, 10
1761886435.044827, 9
1761886435.059637, 10
1761886435.073920, 9
1761886435.088317, 8
1761886435.102746, 8
1761886435.117242, 2
1761886435.131741, 3
1761886435.146256, 1
1761886435.161789, 3
1761886435.176849, 2
1761886435.191132, 2
1761886435.205435, 3
1761886435.219950, 3
1761886435.234424, 4
1761886435.249525, 4
1761886435.264011, 6
1761886435.278560, 6
1761886435.292759, 5
1761886435.307837, 6
1761886435.322809, 5
1761886435.337181, 6
1761886435.352949, 6
1761886435.367120, 7
1761886435.381856, 6
1761886435.396932, 7
1761886435.411412, 6
1761886435.426123, 8
1761886435.440739, 8
1761886435.455484, 9
1761886435.470085, 9
1761886435.484974, 7
1761886435.499635, 9
1761886435.514325, 8
1761886435.529263, 9
1761886435.544095, 10
1761886435.558234, 10
1761886435.573025, 9
1761886435.587619, 8
1761886435.603266, 8
1761886435.617712, 8
1761886435.632121, 2
1761886435.646661, 3
1761886435.661022, 3
1761886435.675728, 2
1761886435.690139, 3
1761886435.704749, 3
1761886435.719153, 2
1761886435.733624, 3
1761886435.748037, 3
1761886435.763013, 5
1761886435.777393, 5
1761886435.791873, 4
1761886435.806188, 5
1761886435.820859, 4
1761886435.835320, 6
1761886435.849907, 6
1761886435.864979, 6
1761886435.879754, 5
1761886435.895059, 6
1761886435.909797, 6
1761886435.924319, 6
1761886435.938841, 8
1761886435.953140, 7
1761886435.967550, 7
1761886435.982033, 7
1761886435.997333, 7
1761886436.011633, 7
1761886436.025979, 8
1761886436.041068, 8
1761886436.056221, 9
1761886436.070911, 9
1761886436.086038, 8
1761886436.101110, 10
1761886436.116451, 9
1761886436.130960, 8
1761886436.145510, 9
1761886436.159853, 9
1761886436.174556, 9
1761886436.189426, 9
1761886436.203646, 8
1761886436.218490, 5
1761886436.232851, 2
1761886436.247974, 2
1761886436.262298, 4
1761886436.276816, 3
1761886436.291221, 2
1761886436.305589, 3
1761886436.319993, 3
1761886436.334482, 4
1761886436.348958, 4
1761886436.363621, 5
1761886436.378220, 6
1761886436.392720, 5
1761886436.407529, 4
1761886436.422699, 5
1761886436.437075, 6
1761886436.451283, 6
1761886436.465934, 8
1761886436.480466, 7
1761886436.494995, 7
1761886436.509556, 7
1761886436.524326, 8
1761886436.538651, 8
1761886436.553508, 7
1761886436.568161, 9
1761886436.583015, 7
1761886436.597624, 8
1761886436.612072, 8
1761886436.626856, 9
1761886436.641802, 10
1761886436.657321, 9
1761886436.672004, 9
1761886436.686615, 9
1761886436.701318, 9
1761886436.716014, 9
1761886436.730943, 9
1761886436.745638, 9
1761886436.760157, 10
1761886436.774556, 9
1761886436.788927, 8
1761886436.804292, 8
1761886436.818642, 2
1761886436.833184, 5
1761886436.847567, 2
1761886436.862079, 3
1761886436.877487, 3
1761886436.892178, 2
1761886436.906967, 3
1761886436.921461, 4
1761886436.935693, 5
1761886436.950482, 4
1761886436.965508, 5
1761886436.980081, 5
1761886436.994313, 5
1761886437.008881, 5
1761886437.023124, 6
1761886437.037943, 7
1761886437.052266, 6
1761886437.066329, 6
1761886437.080883, 6
1761886437.095846, 6
1761886437.110570, 6
1761886437.124989, 6
1761886437.139554, 7
1761886437.153852, 7
1761886437.168584, 8
1761886437.182672, 8
1761886437.196679, 9
1761886437.210749, 9
1761886437.224874, 7
1761886437.239183, 8
1761886437.253675, 9
1761886437.268044, 10
1761886437.282334, 8
1761886437.296523, 8
1761886437.311004, 8
1761886437.325125, 8
1761886437.339500, 2
1761886437.354554, 3
1761886437.368931, 4
1761886437.384042, 2
1761886437.398371, 3
1761886437.413276, 2
1761886437.427624, 2
1761886437.442213, 3
1761886437.456324, 4
1761886437.471040, 5
1761886437.485606, 4
1761886437.500376, 4
1761886437.514539, 4
1761886437.528626, 5
1761886437.543246, 6
1761886437.557520, 5
1761886437.571953, 6
1761886437.586168, 6
1761886437.600363, 7
1761886437.614920, 6
1761886437.629065, 7
1761886437.644558, 8
1761886437.658659, 6
1761886437.672797, 8
1761886437.687492, 7
1761886437.701770, 8
1761886437.716672, 7
1761886437.730916, 7
1761886437.744977, 9
1761886437.759464, 9
1761886437.773632, 9
1761886437.788083, 9
1761886437.802576, 9
1761886437.816887, 9
1761886437.831203, 9
1761886437.846366, 9
1761886437.860530, 9
1761886437.874599, 9
1761886437.888839, 10
1761886437.903339, 8
1761886437.917450, 7
1761886437.932325, 4
1761886437.946792, 2
1761886437.961048, 2
1761886437.975439, 4
1761886437.989657, 3
1761886438.004541, 2
1761886438.019251, 4
1761886438.033543, 4
1761886438.048783, 3
1761886438.063399, 3
1761886438.077697, 5
1761886438.092347, 6
1761886438.106638, 4
1761886438.120835, 5
1761886438.135022, 6
1761886438.149005, 6
1761886438.163379, 6
1761886438.177706, 7
1761886438.192191, 7
1761886438.206601, 7
1761886438.220950, 7
1761886438.235434, 6
1761886438.249826, 7
1761886438.264276, 7
1761886438.278766, 8
1761886438.293580, 7
1761886438.308143, 8
1761886438.323310, 9
1761886438.337502, 8
1761886438.351911, 9
1761886438.366359, 9
1761886438.380433, 10
1761886438.394870, 10
1761886438.409279, 9
1761886438.423705, 9
1761886438.438182, 8
1761886438.453211, 6
1761886438.467430, 3
1761886438.481578, 3
1761886438.496336, 3
1761886438.510271, 2
1761886438.524446, 4
1761886438.539958, 3
1761886438.555232, 2
1761886438.570016, 3
1761886438.584617, 4
1761886438.599023, 5
1761886438.613604, 4
1761886438.627786, 4
1761886438.642284, 5
1761886438.656600, 5
1761886438.671089, 4
1761886438.685258, 7
1761886438.699562, 7
1761886438.714392, 6
1761886438.728947, 6
1761886438.743692, 6
1761886438.758180, 6
1761886438.772377, 7
1761886438.786523, 8
1761886438.800566, 8
1761886438.814920, 8
1761886438.829664, 8
1761886438.844375, 8
1761886438.858790, 9
1761886438.873285, 7
1761886438.887849, 8
1761886438.902025, 9
1761886438.916237, 10
1761886438.930618, 9
1761886438.944627, 9
1761886438.959343, 9
1761886438.973886, 10
1761886438.988023, 9
1761886439.002842, 8
1761886439.017726, 9
1761886439.032063, 9
1761886439.046456, 8
1761886439.061411, 1
1761886439.076442, 2
1761886439.091186, 3
1761886439.106315, 2
1761886439.121580, 3
1761886439.136945, 4
1761886439.151190, 3
1761886439.165740, 3
1761886439.180485, 4
1761886439.194947, 4
1761886439.209290, 4
1761886439.224016, 4
1761886439.238416, 5
1761886439.252859, 5
1761886439.267196, 5
1761886439.281391, 5
1761886439.295942, 5
1761886439.310231, 6
1761886439.324688, 6
1761886439.339200, 7
1761886439.353952, 7
1761886439.368433, 7
1761886439.383247, 8
1761886439.397527, 8
1761886439.411612, 8
1761886439.426203, 8
1761886439.440590, 7
1761886439.454739, 8
1761886439.469287, 9
1761886439.484007, 10
1761886439.498366, 9
1761886439.513141, 9
1761886439.527497, 9
1761886439.541767, 8
1761886439.556057, 8
1761886439.570554, 5
1761886439.585011, 4
1761886439.599295, 1
1761886439.614272, 3
1761886439.628759, 3
1761886439.643228, 2
1761886439.658202, 3
1761886439.672542, 3
1761886439.687230, 4
1761886439.701630, 4
1761886439.716160, 4
1761886439.730287, 4
1761886439.745109, 5
1761886439.759921, 4
1761886439.774685, 5
1761886439.788644, 7
1761886439.803514, 6
1761886439.818055, 6
1761886439.832499, 6
1761886439.847414, 7
1761886439.861770, 7
1761886439.876164, 7
1761886439.890516, 8
1761886439.905535, 8
1761886439.919721, 8
1761886439.933982, 8
1761886439.948777, 8
1761886439.963140, 8
1761886439.977684, 9
1761886439.991888, 9
1761886440.006268, 9
1761886440.020944, 9
1761886440.035012, 9
1761886440.049549, 10
1761886440.063673, 10
1761886440.078158, 10
1761886440.092351, 9
1761886440.106509, 9
1761886440.121126, 8
1761886440.135663, 8
1761886440.150201, 9
1761886440.164418, 3
1761886440.178866, 2
1761886440.193669, 5
1761886440.208035, 3
1761886440.222478, 2
1761886440.237118, 2
1761886440.252371, 3
1761886440.266541, 3
1761886440.280942, 3
1761886440.295350, 4
1761886440.310411, 5
1761886440.325029, 4
1761886440.339368, 5
1761886440.353376, 6
1761886440.367763, 5
1761886440.383163, 5
1761886440.397758, 6
1761886440.412588, 6
1761886440.426867, 6
1761886440.441446, 6
1761886440.456030, 6
1761886440.470500, 7
1761886440.484868, 7
1761886440.500045, 9
1761886440.514297, 9
1761886440.528861, 9
1761886440.543705, 8
1761886440.558909, 8
1761886440.573321, 9
1761886440.587630, 8
1761886440.602110, 9
1761886440.616015, 8
1761886440.630469, 8
1761886440.645094, 8
1761886440.659178, 8
1761886440.673551, 6
1761886440.688437, 3
1761886440.703103, 2
1761886440.717389, 3
1761886440.732207, 2
1761886440.746944, 3
1761886440.761420, 3
1761886440.776204, 2
1761886440.791231, 3
1761886440.805705, 2
1761886440.820035, 3
1761886440.834350, 4
1761886440.848270, 4
1761886440.862453, 4
1761886440.876793, 4
1761886440.891769, 5
1761886440.906080, 6
1761886440.920517, 5
1761886440.935024, 5
1761886440.949159, 6
1761886440.963281, 6
1761886440.977547, 7
1761886440.992607, 7
1761886441.006990, 8
1761886441.020877, 7
1761886441.035077, 8
1761886441.049098, 7
1761886441.063995, 7
1761886441.078213, 8
1761886441.092687, 8
1761886441.107303, 9
1761886441.121930, 8
1761886441.136666, 8
1761886441.150937, 8
1761886441.165146, 8
1761886441.179303, 7
1761886441.193456, 3
1761886441.207524, 2
1761886441.221557, 3
1761886441.235807, 1
1761886441.250093, 4
1761886441.264548, 3
1761886441.278661, 3
1761886441.293286, 3
1761886441.308100, 4
1761886441.322440, 3
1761886441.336846, 5
1761886441.351014, 4
1761886441.365659, 4
1761886441.379976, 4
1761886441.394318, 5
1761886441.408904, 6
1761886441.424215, 6
1761886441.438926, 6
1761886441.453411, 7
1761886441.468517, 6
1761886441.483074, 6
1761886441.497571, 6
1761886441.511755, 9
1761886441.527255, 7
1761886441.541207, 7
1761886441.555942, 7
1761886441.570402, 9
1761886441.584864, 8
1761886441.599147, 8
1761886441.614147, 9
1761886441.629001, 8
1761886441.643665, 8
1761886441.657938, 8
1761886441.672470, 9
1761886441.686798, 9
1761886441.701937, 10
1761886441.716304, 9
1761886441.731266, 8
1761886441.745771, 8
1761886441.759974, 7
1761886441.774448, 3
1761886441.789294, 4
1761886441.803407, 4
1761886441.818187, 2
1761886441.832466, 2
1761886441.848101, 2
1761886441.862159, 3
1761886441.876628, 3
1761886441.891426, 4
1761886441.905373, 4
1761886441.919469, 4
1761886441.933967, 5
1761886441.949306, 5
1761886441.964038, 5
1761886441.978724, 5
1761886441.993235, 5
1761886442.007627, 7
1761886442.022281, 6
1761886442.036973, 5
1761886442.051175, 6
1761886442.065875, 7
1761886442.080396, 8
1761886442.094429, 7
1761886442.108731, 8
1761886442.123723, 7
1761886442.138155, 7
1761886442.152618, 7
1761886442.166921, 8
1761886442.181160, 8
1761886442.195257, 8
1761886442.209645, 10
1761886442.224051, 8
1761886442.238846, 8
1761886442.254317, 8
1761886442.269165, 8
1761886442.284253, 7
1761886442.298769, 2
1761886442.314080, 1
1761886442.329133, 2
1761886442.343678, 2
1761886442.358080, 2
1761886442.373138, 3
1761886442.387681, 3
1761886442.402522, 3
1761886442.417062, 3
1761886442.431421, 4
1761886442.445613, 5
1761886442.459958, 4
1761886442.474537, 5
1761886442.489156, 4
1761886442.503213, 6
1761886442.517619, 7
1761886442.531924, 5
1761886442.546070, 5
1761886442.560871, 6
1761886442.575157, 6
1761886442.589790, 6
1761886442.604428, 6
1761886442.618871, 8
1761886442.633221, 7
1761886442.648133, 7
1761886442.662596, 7
1761886442.677370, 9
1761886442.691723, 8
1761886442.706357, 9
1761886442.720606, 10
1761886442.734992, 9
1761886442.749598, 8
1761886442.764104, 10
1761886442.778299, 9
1761886442.792511, 9
1761886442.806953, 9
1761886442.821241, 9
1761886442.835749, 9
1761886442.850019, 9
1761886442.864202, 9
1761886442.879185, 9
1761886442.893723, 9
1761886442.907787, 2
1761886442.922004, 3
1761886442.936105, 3
1761886442.950246, 3
1761886442.964993, 3
1761886442.979297, 3
1761886442.993914, 3
1761886443.008446, 3
1761886443.022853, 4
1761886443.037162, 5
1761886443.051236, 5
1761886443.065752, 5
1761886443.080227, 5
1761886443.094576, 5
1761886443.109063, 6
1761886443.123155, 8
1761886443.137510, 6
1761886443.151759, 6
1761886443.166082, 7
1761886443.180192, 6
1761886443.195018, 7
1761886443.209403, 7
1761886443.224733, 9
1761886443.239028, 8
1761886443.253643, 8
1761886443.267771, 7
1761886443.281976, 9
1761886443.296337, 8
1761886443.310982, 9
1761886443.325189, 9
1761886443.340134, 8
1761886443.354470, 8
1761886443.369226, 8
1761886443.383768, 7
1761886443.398074, 1
1761886443.412379, 2
1761886443.426796, 3
1761886443.441326, 2
1761886443.455907, 4
1761886443.470132, 3
1761886443.484665, 3
1761886443.499238, 4
1761886443.513590, 5
1761886443.528031, 4
1761886443.543072, 5
1761886443.557305, 5
1761886443.571806, 4
1761886443.586348, 5
1761886443.601077, 6
1761886443.615728, 6
1761886443.630522, 6
1761886443.645082, 5
1761886443.659765, 6
1761886443.673967, 7
1761886443.688171, 6
1761886443.702913, 7
1761886443.717390, 7
1761886443.732828, 8
1761886443.746990, 7
1761886443.762333, 7
1761886443.776498, 9
1761886443.790705, 9
1761886443.805275, 7
1761886443.819958, 9
1761886443.834131, 10
1761886443.848572, 8
1761886443.862628, 8
1761886443.877114, 10
1761886443.891549, 9
1761886443.905711, 10
1761886443.920396, 10
1761886443.934532, 9
1761886443.948704, 8
1761886443.963295, 8
1761886443.977804, 7
1761886443.992093, 2
1761886444.007028, 3
1761886444.021400, 3
1761886444.035807, 3
1761886444.050466, 2
1761886444.064787, 3
1761886444.079721, 3
1761886444.094281, 3
1761886444.108580, 4
1761886444.122946, 5
1761886444.137005, 4
1761886444.152664, 5
1761886444.167315, 6
1761886444.182088, 5
1761886444.196618, 5
1761886444.211503, 5
1761886444.225555, 7
1761886444.239972, 6
1761886444.254536, 6
1761886444.269033, 8
1761886444.283866, 7
1761886444.297889, 6
1761886444.312549, 7
1761886444.326839, 9
1761886444.341377, 7
1761886444.355819, 7
1761886444.370569, 8
1761886444.384961, 9
1761886444.399287, 8
1761886444.413348, 9
1761886444.427723, 10
1761886444.442827, 10
1761886444.457302, 8
1761886444.472151, 8
1761886444.486579, 7
1761886444.500903, 2
1761886444.515091, 2
1761886444.529422, 3
1761886444.543687, 1
1761886444.558012, 3
1761886444.572248, 2
1761886444.586674, 2
1761886444.600994, 3
1761886444.615704, 3
1761886444.630453, 4
1761886444.644592, 3
1761886444.659091, 4
1761886444.673308, 4
1761886444.687629, 4
1761886444.702018, 6
1761886444.716130, 6
1761886444.730984, 7
1761886444.746014, 5
1761886444.760266, 6
1761886444.774776, 6
1761886444.788810, 7
1761886444.803086, 6
1761886444.817621, 7
1761886444.832201, 9
1761886444.846805, 8
1761886444.861578, 8
1761886444.876331, 7
1761886444.890532, 8
1761886444.904809, 8
1761886444.918881, 9
1761886444.933788, 9
1761886444.948163, 9
1761886444.962639, 8
1761886444.976768, 9
1761886444.991353, 10
1761886445.005587, 9
1761886445.020288, 10
1761886445.034830, 9
1761886445.049731, 8
1761886445.064597, 8
1761886445.078983, 7
1761886445.093520, 3
1761886445.108403, 4
1761886445.122720, 2
1761886445.137097, 3
1761886445.151731, 2
1761886445.166777, 2
1761886445.181148, 4
1761886445.195545, 3
1761886445.210587, 4
1761886445.225481, 3
1761886445.240520, 4
1761886445.254653, 4
1761886445.269255, 5
1761886445.283960, 5
1761886445.298854, 5
1761886445.313519, 5
1761886445.328490, 7
1761886445.343220, 6
1761886445.357685, 6
1761886445.372343, 6
1761886445.386907, 7
1761886445.401224, 7
1761886445.415533, 8
1761886445.429767, 8
1761886445.444024, 8
1761886445.458098, 7
1761886445.473067, 8
1761886445.487214, 8
1761886445.502499, 9
1761886445.516884, 8
1761886445.531247, 10
1761886445.545957, 9
1761886445.560435, 9
1761886445.575601, 8
1761886445.590147, 8
1761886445.604363, 4
1761886445.618798, 2
1761886445.633658, 3
1761886445.648242, 2
1761886445.663203, 4
1761886445.677619, 3
1761886445.692269, 3
1761886445.706874, 4
1761886445.721323, 3
1761886445.736151, 5
1761886445.750876, 3
1761886445.765095, 4
1761886445.779421, 5
1761886445.793799, 4
1761886445.808167, 5
1761886445.822839, 5
1761886445.837327, 7
1761886445.852202, 6
1761886445.866591, 6
1761886445.881294, 7
1761886445.896075, 6
1761886445.910451, 7
1761886445.924754, 7
1761886445.939178, 9
1761886445.953601, 8
1761886445.968507, 8
1761886445.982675, 8
1761886445.997177, 8
1761886446.011753, 8
1761886446.026106, 9
1761886446.040299, 10
1761886446.055056, 10
1761886446.069685, 9
1761886446.083930, 9
1761886446.098711, 9
1761886446.112922, 10
1761886446.127403, 10
1761886446.142008, 9
1761886446.156216, 10
1761886446.171029, 9
1761886446.185725, 9
1761886446.200368, 9
1761886446.214506, 6
1761886446.229442, 2
1761886446.244012, 2
1761886446.258707, 3
1761886446.273337, 3
1761886446.287895, 2
1761886446.302397, 4
1761886446.316682, 4
1761886446.330938, 4
1761886446.345543, 5
1761886446.359951, 5
1761886446.374625, 3
1761886446.389078, 5
1761886446.403565, 4
1761886446.417839, 5
1761886446.432625, 6
1761886446.446961, 7
1761886446.461358, 6
1761886446.475946, 7
1761886446.490664, 7
1761886446.505042, 7
1761886446.519215, 7
1761886446.533724, 8
1761886446.548424, 9
1761886446.563005, 7
1761886446.577935, 7
1761886446.592929, 8
1761886446.608194, 9
1761886446.622941, 7
1761886446.638379, 9
1761886446.653071, 9
1761886446.668488, 8
1761886446.683093, 9
1761886446.697177, 8
1761886446.712123, 4
1761886446.726600, 2
1761886446.741209, 3
1761886446.755910, 2
1761886446.770254, 3
1761886446.784734, 2
1761886446.799322, 3
1761886446.813866, 3
1761886446.828023, 4
1761886446.842938, 5
1761886446.857607, 4
1761886446.872091, 4
1761886446.887200, 4
1761886446.901713, 4
1761886446.916227, 4
1761886446.930114, 5
1761886446.944583, 7
1761886446.959202, 6
1761886446.973661, 6
1761886446.987935, 7
1761886447.002316, 6
1761886447.017453, 7
1761886447.032078, 7
1761886447.046243, 9
1761886447.060867, 7
1761886447.075038, 7
1761886447.089283, 7
1761886447.103482, 8
1761886447.118165, 8
1761886447.133023, 8
1761886447.147298, 10
1761886447.161523, 10
1761886447.175787, 8
1761886447.190622, 10
1761886447.204935, 10
1761886447.219317, 9
1761886447.233511, 9
1761886447.247919, 9
1761886447.262223, 9
1761886447.276552, 8
1761886447.291467, 8
1761886447.305500, 7
1761886447.320258, 2
1761886447.334712, 2
1761886447.349103, 4
1761886447.363723, 2
1761886447.378582, 3
1761886447.392686, 2
1761886447.406789, 3
1761886447.421283, 3
1761886447.436013, 4
1761886447.450143, 5
1761886447.465250, 5
1761886447.479918, 5
1761886447.494241, 6
1761886447.509300, 5
1761886447.523854, 5
1761886447.538188, 6
1761886447.552396, 6
1761886447.567096, 6
1761886447.581470, 6
1761886447.596404, 7
1761886447.610801, 7
1761886447.625329, 7
1761886447.639432, 7
1761886447.653913, 9
1761886447.668055, 7
1761886447.682338, 8
1761886447.696903, 8
1761886447.711637, 9
1761886447.726339, 8
1761886447.740513, 9
1761886447.755184, 10
1761886447.769390, 10
1761886447.784135, 9
1761886447.798314, 9
1761886447.812859, 9
1761886447.827038, 9
1761886447.841807, 9
1761886447.856346, 9
1761886447.870671, 9
1761886447.885159, 9
1761886447.899580, 8
1761886447.914075, 6
1761886447.928662, 4
1761886447.943444, 1
1761886447.958057, 4
1761886447.973166, 3
1761886447.987492, 3
1761886448.001937, 2
1761886448.016481, 3
1761886448.030933, 3
1761886448.045516, 4
1761886448.060259, 5
1761886448.075050, 5
1761886448.089948, 6
1761886448.104424, 4
1761886448.119014, 6
1761886448.133634, 5
1761886448.148084, 6
1761886448.162989, 7
1761886448.177659, 6
1761886448.192172, 7
1761886448.206644, 8
1761886448.220705, 7
1761886448.235462, 7
1761886448.250419, 7
1761886448.265346, 9
1761886448.279881, 8
1761886448.294971, 8
1761886448.309395, 8
1761886448.323906, 8
1761886448.338534, 8
1761886448.353379, 9
1761886448.368264, 9
1761886448.383259, 8
1761886448.398298, 8
1761886448.413116, 8
1761886448.427295, 1
1761886448.442345, 3
1761886448.457281, 4
1761886448.471955, 1
1761886448.486785, 3
1761886448.501135, 2
1761886448.515887, 2
1761886448.530524, 3
1761886448.545013, 4
1761886448.559420, 4
1761886448.573826, 3
1761886448.588392, 4
1761886448.602522, 4
1761886448.617009, 4
1761886448.631595, 6
1761886448.646241, 6
1761886448.660547, 7
1761886448.675640, 5
1761886448.690166, 7
1761886448.704613, 6
1761886448.719092, 6
1761886448.733207, 7
1761886448.748114, 6
1761886448.762828, 8
1761886448.777087, 7
1761886448.791376, 8
1761886448.806122, 9
1761886448.820386, 8
1761886448.835503, 7
1761886448.849829, 8
1761886448.864660, 10
1761886448.880236, 8
1761886448.895144, 8
1761886448.910191, 10
1761886448.925677, 10
1761886448.940585, 10
1761886448.956038, 10
1761886448.970669, 9
1761886448.985088, 8
1761886449.000209, 8
1761886449.015048, 8
1761886449.029644, 2
1761886449.044096, 3
1761886449.059323, 3
1761886449.073792, 3
1761886449.088840, 2
1761886449.103565, 3
1761886449.119316, 4
1761886449.133971, 4
1761886449.149060, 4
1761886449.163507, 5
1761886449.178217, 4
1761886449.192865, 4
1761886449.207766, 6
1761886449.222817, 5
1761886449.237479, 5
1761886449.252170, 6
1761886449.266890, 7
1761886449.281426, 5
1761886449.296891, 7
1761886449.312701, 7
1761886449.328177, 7
1761886449.343195, 7
1761886449.358196, 7
1761886449.372741, 8
1761886449.387456, 7
1761886449.401914, 7
1761886449.416425, 8
1761886449.430982, 8
1761886449.445918, 9
1761886449.460376, 10
1761886449.474767, 10
1761886449.489393, 8
1761886449.503936, 9
1761886449.518170, 10
1761886449.532376, 10
1761886449.546671, 9
1761886449.561494, 9
1761886449.577580, 9
1761886449.592226, 9
1761886449.607169, 9
1761886449.621478, 9
1761886449.635790, 2
1761886449.650335, 2
1761886449.664494, 4
1761886449.678747, 3
1761886449.693586, 3
1761886449.708706, 3
1761886449.723331, 2
1761886449.737756, 3
1761886449.752256, 4
1761886449.766539, 5
1761886449.780891, 4
1761886449.795135, 4
1761886449.809269, 5
1761886449.824121, 5
1761886449.838411, 6
1761886449.852934, 6
1761886449.867438, 8
1761886449.882681, 6
1761886449.896873, 6
1761886449.911663, 7
1761886449.926693, 6
1761886449.941284, 6
1761886449.955966, 7
1761886449.970644, 9
1761886449.985869, 8
1761886450.001050, 8
1761886450.015825, 9
1761886450.030687, 8
1761886450.045394, 8
1761886450.059895, 8
1761886450.074354, 10
1761886450.088828, 8
1761886450.103271, 8
1761886450.117654, 7
1761886450.131886, 5
1761886450.146806, 2
1761886450.161176, 2
1761886450.176443, 2
1761886450.191122, 3
1761886450.206475, 1
1761886450.221203, 3
1761886450.236279, 4
1761886450.250828, 4
1761886450.265321, 4
1761886450.280398, 4
1761886450.294614, 5
1761886450.309282, 4
1761886450.323980, 5
1761886450.339050, 4
1761886450.353518, 5
1761886450.368300, 6
1761886450.383278, 5
1761886450.397303, 5
1761886450.411836, 5
1761886450.425890, 7
1761886450.440485, 6
1761886450.454984, 6
1761886450.469310, 8
1761886450.483748, 8
1761886450.498257, 7
1761886450.513762, 8
1761886450.528069, 8
1761886450.542530, 8
1761886450.557042, 8
1761886450.571241, 10
1761886450.585690, 9
1761886450.599947, 8
1761886450.614262, 9
1761886450.628972, 9
1761886450.643762, 9
1761886450.658406, 9
1761886450.673345, 9
1761886450.687842, 9
1761886450.702117, 8
1761886450.716742, 8
1761886450.731747, 7
1761886450.746157, 3
1761886450.761238, 2
1761886450.775655, 4
1761886450.790044, 2
1761886450.804512, 4
1761886450.818969, 3
1761886450.833327, 3
1761886450.847987, 3
1761886450.862366, 4
1761886450.878021, 4
1761886450.892317, 4
1761886450.906953, 5
1761886450.921471, 5
1761886450.936348, 5
1761886450.951344, 5
1761886450.965859, 7
1761886450.980272, 6
1761886450.994246, 6
1761886451.008989, 6
1761886451.023624, 7
1761886451.038226, 7
1761886451.052839, 7
1761886451.068069, 8
1761886451.082225, 9
1761886451.096605, 7
1761886451.110897, 7
1761886451.125390, 8
1761886451.140151, 8
1761886451.154161, 8
1761886451.169007, 8
1761886451.184159, 10
1761886451.198866, 8
1761886451.213780, 8
1761886451.228081, 8
1761886451.242145, 5
1761886451.257019, 3
1761886451.271593, 2
1761886451.285810, 3
1761886451.300601, 3
1761886451.314805, 3
1761886451.329509, 3
1761886451.344157, 2
1761886451.358286, 4
1761886451.373363, 4
1761886451.387589, 4
1761886451.402421, 5
1761886451.416772, 5
1761886451.431039, 4
1761886451.445611, 5
1761886451.460305, 5
1761886451.474671, 5
1761886451.489435, 7
1761886451.503935, 5
1761886451.519012, 7
1761886451.534014, 6
1761886451.548114, 6
1761886451.562605, 7
1761886451.576875, 9
1761886451.591067, 9
1761886451.605487, 7
1761886451.619748, 9
1761886451.635095, 9
1761886451.649973, 8
1761886451.664258, 8
1761886451.679099, 9
1761886451.693273, 9
1761886451.707291, 8
1761886451.722264, 9
1761886451.736492, 9
1761886451.751348, 9
1761886451.765844, 9
1761886451.780239, 9
1761886451.794747, 9
1761886451.809179, 8
1761886451.823964, 8
1761886451.838081, 8
1761886451.852803, 1
1761886451.867692, 2
1761886451.882401, 4
1761886451.897034, 2
1761886451.911341, 4
1761886451.926185, 3
1761886451.940893, 3
1761886451.955300, 3
1761886451.969610, 4
1761886451.983930, 5
1761886451.998688, 4
1761886452.013244, 6
1761886452.028064, 5
1761886452.042786, 6
1761886452.057265, 5
1761886452.071457, 6
1761886452.085571, 7
1761886452.100846, 6
1761886452.115288, 6
1761886452.129685, 6
1761886452.143939, 7
1761886452.158246, 8
1761886452.172680, 8
1761886452.187609, 9
1761886452.202424, 7
1761886452.216785, 8
1761886452.231104, 9
1761886452.245739, 9
1761886452.260819, 8
1761886452.275404, 8
1761886452.290122, 9
1761886452.304237, 8
1761886452.318800, 8
1761886452.333414, 9
1761886452.347709, 8
1761886452.362465, 7
1761886452.376734, 3
1761886452.390613, 3
1761886452.405028, 3
1761886452.419647, 2
1761886452.433821, 3
1761886452.448514, 2
1761886452.462980, 2
1761886452.477257, 2
1761886452.491558, 4
1761886452.505736, 3
1761886452.520407, 4
1761886452.534565, 3
1761886452.548657, 5
1761886452.563248, 4
1761886452.577386, 5
1761886452.591625, 5
1761886452.606200, 5
1761886452.620209, 5
1761886452.634629, 6
1761886452.649180, 6
1761886452.663257, 6
1761886452.677623, 7
1761886452.692680, 8
1761886452.707343, 8
1761886452.721858, 8
1761886452.736344, 8
1761886452.750702, 8
1761886452.765529, 7
1761886452.780328, 8
1761886452.795108, 10
1761886452.809629, 8
1761886452.823880, 8
1761886452.838989, 10
1761886452.853846, 9
1761886452.868389, 9
1761886452.883218, 10
1761886452.897468, 10
1761886452.912143, 10
1761886452.926797, 10
1761886452.941149, 9
1761886452.955919, 6
1761886452.970382, 2
1761886452.984948, 2
1761886452.999361, 3
1761886453.014192, 3
1761886453.029016, 2
1761886453.043368, 3
1761886453.057843, 4
1761886453.072298, 4
1761886453.086827, 5
1761886453.101097, 4
1761886453.116001, 6
1761886453.130517, 5
1761886453.144940, 5
1761886453.159185, 6
1761886453.173654, 6
1761886453.188156, 7
1761886453.202663, 7
1761886453.216856, 6
1761886453.231267, 6
1761886453.245775, 6
1761886453.260043, 6
1761886453.274158, 8
1761886453.288959, 8
1761886453.303633, 8
1761886453.318274, 8
1761886453.332819, 8
1761886453.347085, 9
1761886453.362155, 8
1761886453.376485, 8
1761886453.391115, 10
1761886453.406107, 8
1761886453.420193, 9
1761886453.434391, 9
1761886453.448635, 8
1761886453.463034, 2
1761886453.477531, 2
1761886453.492341, 3
1761886453.506794, 2
1761886453.521663, 3
1761886453.536310, 2
1761886453.550720, 3
1761886453.565169, 4
1761886453.579335, 4
1761886453.594080, 5
1761886453.608934, 4
1761886453.623282, 4
1761886453.637841, 5
1761886453.652792, 5
1761886453.668029, 3
1761886453.682294, 6
1761886453.697417, 6
1761886453.712022, 5
1761886453.726951, 6
1761886453.741536, 6
1761886453.755639, 6
1761886453.770039, 6
1761886453.784343, 7
1761886453.799089, 8
1761886453.812999, 8
1761886453.827637, 7
1761886453.842011, 8
1761886453.856292, 8
1761886453.870402, 9
1761886453.885129, 9
1761886453.899617, 10
1761886453.914636, 8
1761886453.929676, 8
1761886453.943888, 9
1761886453.959000, 9
1761886453.973659, 9
1761886453.988305, 9
1761886454.003250, 9
1761886454.017670, 8
1761886454.032409, 8
1761886454.046593, 8
1761886454.061456, 3
1761886454.075673, 3
1761886454.090110, 3
1761886454.105232, 2
1761886454.119651, 3
1761886454.134603, 3
1761886454.149075, 3
1761886454.163469, 4
1761886454.177946, 4
1761886454.192556, 4
1761886454.206892, 4
1761886454.221348, 5
